0.000071 0.198162 0.000071  0.198162 distance is 0.000000
0.000655 0.001152 0.000655  0.001152 distance is 0.000000
0.001152 0.366969 0.001152  0.366969 distance is 0.000000
0.000004 0.064975 0.000004  0.064975 distance is 0.000000
0.000078 0.305720 0.000078  0.305720 distance is 0.000000
0.000382 0.414680 0.000382  0.414680 distance is 0.000000
0.000073 0.232129 0.000073  0.232129 distance is 0.000000
0.000253 0.245931 0.000253  0.245931 distance is 0.000000
0.000326 0.477050 0.000326  0.477050 distance is 0.000000
0.000035 0.584622 0.000035  0.584622 distance is 0.000000
