1000
0.418078 0.638580 
0.620397 0.012401 
0.429017 0.494074 
0.900361 0.364737 
0.139486 0.349146 
0.094784 0.032880 
0.616349 0.976482 
0.732954 0.753354 
0.626279 0.863319 
0.804471 0.738032 
0.098369 0.293035 
0.047607 0.139020 
0.506866 0.890317 
0.565065 0.048707 
0.623276 0.402600 
0.495435 0.777441 
0.447889 0.677872 
0.000818 0.752817 
0.594374 0.651979 
0.816471 0.433037 
0.059542 0.728441 
0.913934 0.495489 
0.679156 0.574150 
0.745069 0.375768 
0.530075 0.977027 
0.897436 0.214825 
0.568436 0.701548 
0.920299 0.471242 
0.167841 0.904870 
0.156432 0.152844 
0.852054 0.476600 
0.211229 0.125832 
0.861372 0.086490 
0.645455 0.161039 
0.589532 0.266951 
0.639759 0.429673 
0.518744 0.526393 
0.091085 0.858371 
0.647497 0.485319 
0.760823 0.151819 
0.613639 0.423671 
0.639325 0.134707 
0.014878 0.049970 
0.844469 0.983612 
0.570962 0.151501 
0.279365 0.292642 
0.430639 0.753741 
0.119504 0.504630 
0.316083 0.406483 
0.764561 0.971564 
0.083896 0.040017 
0.562932 0.198364 
0.898675 0.035957 
0.332332 0.499820 
0.475566 0.839843 
0.245883 0.555044 
0.629624 0.083597 
0.007943 0.500516 
0.177984 0.375253 
0.881922 0.458054 
0.505200 0.901750 
0.705561 0.362737 
0.525293 0.601373 
0.280799 0.385470 
0.593802 0.022876 
0.482669 0.225323 
0.997582 0.352796 
0.449668 0.575331 
0.584539 0.354897 
0.752784 0.046247 
0.271449 0.242126 
0.412398 0.173303 
0.702868 0.097193 
0.526178 0.476077 
0.422490 0.793570 
0.530734 0.041095 
0.684694 0.658364 
0.132085 0.950173 
0.551379 0.021783 
0.108295 0.120134 
0.091187 0.588273 
0.102499 0.707711 
0.492733 0.358140 
0.257389 0.930416 
0.502018 0.415771 
0.859132 0.431668 
0.042269 0.408890 
0.217412 0.044003 
0.561599 0.796751 
0.999228 0.032105 
0.593474 0.516994 
0.122560 0.858737 
0.795173 0.470208 
0.786250 0.499645 
0.540764 0.616205 
0.561718 0.800724 
0.776034 0.797275 
0.794353 0.699203 
0.498056 0.820897 
0.821386 0.032108 
0.641027 0.740595 
0.180497 0.616939 
0.888907 0.866224 
0.629338 0.281665 
0.945726 0.810241 
0.720341 0.774601 
0.721477 0.857418 
0.627248 0.157577 
0.401713 0.595077 
0.454880 0.165543 
0.285808 0.571595 
0.802579 0.949081 
0.198934 0.485477 
0.408014 0.493280 
0.557818 0.244293 
0.829707 0.889890 
0.385866 0.251803 
0.060779 0.508735 
0.313652 0.545189 
0.998034 0.963307 
0.294077 0.547134 
0.687174 0.339134 
0.825794 0.124902 
0.220561 0.973793 
0.543576 0.879994 
0.051978 0.588094 
0.103325 0.585765 
0.954793 0.206485 
0.393271 0.704786 
0.346460 0.952161 
0.966266 0.028243 
0.677145 0.783285 
0.663267 0.527240 
0.314587 0.266863 
0.159159 0.979375 
0.348286 0.635786 
0.652344 0.940543 
0.699957 0.179317 
0.787470 0.015072 
0.307117 0.714987 
0.784182 0.748265 
0.089298 0.837695 
0.132839 0.633047 
0.614736 0.870165 
0.865231 0.944145 
0.240367 0.847232 
0.420991 0.591557 
0.306085 0.363277 
0.590232 0.033717 
0.678863 0.652671 
0.443138 0.814196 
0.191668 0.356824 
0.135420 0.007677 
0.031933 0.704777 
0.182466 0.709348 
0.012344 0.473379 
0.072453 0.712494 
0.890379 0.595962 
0.337699 0.711921 
0.256627 0.128714 
0.300423 0.211782 
0.417243 0.602691 
0.435763 0.871524 
0.695924 0.402827 
0.306008 0.079572 
0.367608 0.381954 
0.508275 0.572089 
0.100519 0.415111 
0.764213 0.122449 
0.002549 0.846421 
0.800338 0.275811 
0.561181 0.771583 
0.997533 0.537954 
0.392856 0.727210 
0.226054 0.293974 
0.817100 0.996030 
0.271452 0.296832 
0.861537 0.854505 
0.667290 0.140183 
0.050891 0.317944 
0.686861 0.075447 
0.034076 0.720617 
0.405135 0.106134 
0.791137 0.647002 
0.155730 0.355978 
0.918617 0.195533 
0.318428 0.815234 
0.643759 0.654444 
0.243831 0.064705 
0.489544 0.765002 
0.395564 0.251275 
0.181387 0.574273 
0.806566 0.955316 
0.994363 0.256376 
0.918840 0.940341 
0.308525 0.383430 
0.310782 0.318805 
0.149060 0.254939 
0.752459 0.585046 
0.860572 0.626325 
0.643592 0.858873 
0.077444 0.599222 
0.121071 0.840566 
0.393167 0.961408 
0.383387 0.577405 
0.438829 0.396739 
0.985677 0.265710 
0.795531 0.497765 
0.929166 0.494587 
0.526366 0.631771 
0.168661 0.682348 
0.226377 0.717194 
0.875091 0.659202 
0.211167 0.091859 
0.878030 0.044954 
0.541926 0.150236 
0.015590 0.014524 
0.106555 0.864313 
0.501489 0.532928 
0.916505 0.702635 
0.187687 0.454867 
0.949481 0.922091 
0.575465 0.848387 
0.843957 0.392677 
0.724757 0.989776 
0.157404 0.491040 
0.902440 0.301924 
0.429580 0.953611 
0.336445 0.627541 
0.087689 0.789825 
0.589319 0.684383 
0.428010 0.559807 
0.668955 0.126864 
0.209788 0.903031 
0.250162 0.479769 
0.479549 0.774835 
0.652826 0.050696 
0.048298 0.750495 
0.573177 0.392512 
0.953541 0.168985 
0.135684 0.441777 
0.949646 0.700514 
0.542559 0.782609 
0.309991 0.024096 
0.987577 0.204889 
0.562810 0.149483 
0.358042 0.607449 
0.396995 0.299203 
0.712259 0.935675 
0.893925 0.190368 
0.507009 0.307726 
0.957067 0.420627 
0.476025 0.546892 
0.608908 0.918497 
0.181636 0.751707 
0.942516 0.874512 
0.923379 0.228087 
0.449971 0.662870 
0.855260 0.350195 
0.729691 0.921694 
0.909481 0.641941 
0.100463 0.481213 
0.754567 0.006168 
0.658257 0.330282 
0.057511 0.582892 
0.671111 0.369364 
0.898339 0.385553 
0.995426 0.125355 
0.839821 0.877449 
0.282130 0.753476 
0.669986 0.457475 
0.777861 0.505631 
0.139842 0.324321 
0.855284 0.761400 
0.856618 0.180927 
0.846062 0.765362 
0.435072 0.252394 
0.985656 0.918627 
0.357703 0.912936 
0.713116 0.333142 
0.124371 0.297131 
0.876197 0.245342 
0.465828 0.167061 
0.797823 0.008033 
0.007210 0.175268 
0.733856 0.912069 
0.142764 0.432956 
0.696040 0.346529 
0.110307 0.928155 
0.503821 0.723667 
0.679077 0.243660 
0.189547 0.715389 
0.548998 0.013900 
0.616802 0.583024 
0.887704 0.633260 
0.193297 0.734567 
0.865173 0.965066 
0.863070 0.621425 
0.289487 0.410157 
0.511875 0.081788 
0.614152 0.053347 
0.597581 0.542777 
0.454992 0.049397 
0.220641 0.306280 
0.641234 0.219729 
0.988838 0.406867 
0.218553 0.213943 
0.746028 0.495357 
0.466962 0.234492 
0.100303 0.788128 
0.075516 0.192379 
0.313262 0.992820 
0.325658 0.342274 
0.606578 0.758930 
0.334074 0.786681 
0.744132 0.625896 
0.438300 0.514983 
0.326802 0.565817 
0.693318 0.598387 
0.096562 0.911876 
0.902428 0.105607 
0.935702 0.349709 
0.556536 0.694158 
0.715459 0.722672 
0.946761 0.213339 
0.591408 0.793695 
0.628678 0.192123 
0.002967 0.871378 
0.250513 0.368619 
0.378246 0.176652 
0.982140 0.832513 
0.041582 0.860386 
0.504144 0.142231 
0.472084 0.321666 
0.232434 0.513910 
0.284775 0.212802 
0.566931 0.411716 
0.710129 0.146103 
0.560249 0.099052 
0.762181 0.967704 
0.202825 0.884043 
0.105616 0.085710 
0.534494 0.243746 
0.641237 0.265099 
0.513396 0.650920 
0.013367 0.665619 
0.052431 0.212997 
0.845726 0.115756 
0.515021 0.949672 
0.132225 0.298490 
0.727787 0.909918 
0.997679 0.995254 
0.232964 0.419457 
0.818525 0.952875 
0.965546 0.923495 
0.178660 0.744448 
0.932926 0.686289 
0.461543 0.146659 
0.898438 0.041730 
0.364464 0.545611 
0.087488 0.416394 
0.330344 0.099936 
0.627046 0.766396 
0.815035 0.297759 
0.435417 0.056038 
0.832453 0.045300 
0.363031 0.457839 
0.897737 0.268296 
0.255164 0.546879 
0.393182 0.210905 
0.676535 0.519471 
0.746384 0.483500 
0.185577 0.001031 
0.323841 0.787886 
0.003996 0.157315 
0.000891 0.976039 
0.292972 0.985812 
0.538840 0.288409 
0.285570 0.566733 
0.074857 0.127239 
0.505327 0.031352 
0.926941 0.104538 
0.978090 0.763277 
0.389154 0.507810 
0.756450 0.650683 
0.027812 0.441620 
0.308919 0.009266 
0.728375 0.806996 
0.185347 0.129201 
0.475442 0.745311 
0.445331 0.680692 
0.388068 0.251684 
0.055702 0.185102 
0.008132 0.674641 
0.695646 0.714565 
0.698626 0.800996 
0.344481 0.692658 
0.511052 0.247460 
0.053714 0.771937 
0.939986 0.338962 
0.935524 0.351278 
0.930680 0.938724 
0.135567 0.471442 
0.522254 0.527020 
0.619946 0.433987 
0.021078 0.259697 
0.721917 0.258941 
0.018100 0.200462 
0.169875 0.095773 
0.660737 0.011811 
0.510386 0.051337 
0.829357 0.999796 
0.572661 0.708741 
0.806094 0.016928 
0.505858 0.955205 
0.127578 0.205460 
0.159363 0.417624 
0.003221 0.143511 
0.993700 0.112214 
0.973858 0.631934 
0.919426 0.794898 
0.851390 0.313661 
0.707093 0.120258 
0.170607 0.389356 
0.902975 0.295862 
0.551110 0.500192 
0.729649 0.212500 
0.481270 0.710065 
0.060109 0.245228 
0.548939 0.011225 
0.653074 0.207171 
0.926052 0.158638 
0.237140 0.613561 
0.111972 0.906032 
0.682707 0.252767 
0.260980 0.284840 
0.305935 0.844414 
0.073883 0.750006 
0.344454 0.246681 
0.961732 0.833780 
0.334597 0.563680 
0.769712 0.548552 
0.508498 0.324888 
0.390698 0.456340 
0.713021 0.742159 
0.465108 0.069208 
0.184129 0.657485 
0.347635 0.702254 
0.783854 0.238172 
0.961858 0.955446 
0.176660 0.121684 
0.151275 0.484476 
0.592238 0.743987 
0.184523 0.277591 
0.479567 0.087350 
0.088245 0.126817 
0.406716 0.679052 
0.832447 0.931082 
0.700551 0.153767 
0.357712 0.063233 
0.764799 0.977750 
0.041504 0.559158 
0.768411 0.690152 
0.383850 0.375239 
0.640196 0.781929 
0.879219 0.033775 
0.656666 0.589308 
0.505277 0.185728 
0.532008 0.460686 
0.748636 0.328809 
0.286989 0.431117 
0.781522 0.032625 
0.329792 0.809151 
0.408750 0.865549 
0.280977 0.384253 
0.138858 0.780550 
0.701818 0.451078 
0.275252 0.156124 
0.970042 0.503377 
0.253320 0.544916 
0.407571 0.052125 
0.059607 0.816056 
0.457277 0.455904 
0.370689 0.171599 
0.065275 0.071994 
0.002049 0.439954 
0.299800 0.731530 
0.822829 0.293767 
0.337355 0.927741 
0.544308 0.192477 
0.957973 0.658998 
0.784118 0.667498 
0.641520 0.031937 
0.760172 0.206931 
0.883819 0.337978 
0.399885 0.865574 
0.694288 0.894845 
0.655923 0.094017 
0.139625 0.685708 
0.701434 0.001821 
0.613235 0.635211 
0.998032 0.923525 
0.687500 0.805282 
0.368554 0.283266 
0.856250 0.997117 
0.551205 0.110162 
0.499586 0.538934 
0.858558 0.791240 
0.373287 0.840274 
0.488710 0.754166 
0.263390 0.803034 
0.587367 0.870953 
0.100569 0.259967 
0.268443 0.716980 
0.284290 0.069700 
0.444502 0.742132 
0.007367 0.818593 
0.095650 0.587219 
0.390221 0.436323 
0.285386 0.477477 
0.952970 0.572041 
0.290654 0.016331 
0.481077 0.465448 
0.781589 0.168779 
0.670496 0.033775 
0.648402 0.685404 
0.586056 0.851189 
0.929805 0.239785 
0.069521 0.447668 
0.949985 0.395419 
0.803328 0.528936 
0.830386 0.301003 
0.953264 0.502145 
0.547228 0.254968 
0.251930 0.195147 
0.836629 0.219094 
0.315917 0.615185 
0.417806 0.066588 
0.138395 0.006492 
0.112251 0.594857 
0.760810 0.934926 
0.306916 0.333377 
0.068219 0.556256 
0.998947 0.302521 
0.466570 0.642317 
0.426736 0.158428 
0.693446 0.750005 
0.333740 0.171449 
0.538046 0.941749 
0.976249 0.808554 
0.365632 0.182754 
0.551718 0.730313 
0.376354 0.375327 
0.121462 0.412940 
0.276130 0.909644 
0.380622 0.118668 
0.451609 0.195231 
0.245555 0.046329 
0.652834 0.187884 
0.774187 0.756188 
0.251340 0.269417 
0.089118 0.814063 
0.955306 0.828475 
0.181419 0.108431 
0.392145 0.774161 
0.324517 0.153097 
0.102266 0.782442 
0.504316 0.042425 
0.035623 0.719095 
0.835870 0.470776 
0.333575 0.395099 
0.428467 0.242938 
0.052500 0.360453 
0.126997 0.434465 
0.045462 0.085418 
0.614369 0.697852 
0.799386 0.273164 
0.061925 0.768843 
0.944938 0.572712 
0.573938 0.177035 
0.429691 0.819292 
0.840534 0.846668 
0.940737 0.974948 
0.955993 0.368175 
0.914676 0.954216 
0.500261 0.886105 
0.762227 0.746099 
0.688158 0.878178 
0.530437 0.049609 
0.777248 0.207186 
0.168247 0.727030 
0.199441 0.000543 
0.126901 0.817012 
0.525400 0.400296 
0.767555 0.291198 
0.161225 0.703464 
0.127484 0.618538 
0.768213 0.348864 
0.350572 0.061850 
0.515325 0.063562 
0.290678 0.416908 
0.979688 0.612654 
0.871291 0.794292 
0.658530 0.918366 
0.981205 0.113344 
0.972549 0.638021 
0.217977 0.539095 
0.573855 0.774534 
0.594980 0.834344 
0.819593 0.892189 
0.016629 0.485633 
0.041000 0.093656 
0.078337 0.614925 
0.047554 0.234151 
0.370876 0.314176 
0.354112 0.566252 
0.000071 0.198162 
0.514600 0.885591 
0.124647 0.934677 
0.118713 0.201430 
0.436100 0.524659 
0.939518 0.483549 
0.010649 0.977732 
0.748117 0.602094 
0.391698 0.272657 
0.538422 0.252221 
0.078668 0.180288 
0.094853 0.201185 
0.314287 0.227769 
0.107347 0.181021 
0.415695 0.589538 
0.371675 0.746902 
0.184490 0.716159 
0.484797 0.983957 
0.362381 0.536274 
0.150526 0.886464 
0.793117 0.924113 
0.570967 0.248736 
0.504845 0.933165 
0.699878 0.853898 
0.468435 0.986942 
0.531325 0.985029 
0.389100 0.601375 
0.312903 0.953477 
0.086833 0.405717 
0.893877 0.395905 
0.974597 0.055865 
0.923525 0.685590 
0.710061 0.000855 
0.372634 0.861044 
0.571076 0.072319 
0.467171 0.751263 
0.473867 0.284052 
0.053645 0.617743 
0.404679 0.444071 
0.507319 0.502941 
0.924676 0.033948 
0.561447 0.233991 
0.687425 0.558142 
0.690475 0.819569 
0.499078 0.005068 
0.185905 0.503524 
0.728088 0.977367 
0.610897 0.351690 
0.854982 0.681406 
0.388326 0.589160 
0.007882 0.477532 
0.873696 0.203589 
0.723178 0.452451 
0.349955 0.699964 
0.298419 0.529530 
0.816865 0.044825 
0.366806 0.905080 
0.673235 0.052560 
0.370399 0.289330 
0.767662 0.093086 
0.500802 0.983609 
0.523307 0.217909 
0.398558 0.571989 
0.410931 0.511255 
0.664836 0.897369 
0.080268 0.061440 
0.620411 0.245275 
0.335904 0.530436 
0.035036 0.853886 
0.270076 0.161701 
0.714434 0.497436 
0.403468 0.080798 
0.967105 0.127228 
0.319427 0.614270 
0.033723 0.787955 
0.157900 0.825724 
0.938385 0.434190 
0.428922 0.890326 
0.702966 0.744534 
0.389053 0.817924 
0.854158 0.838304 
0.374027 0.274184 
0.203489 0.041643 
0.900980 0.768455 
0.425870 0.593625 
0.053552 0.045848 
0.566082 0.137530 
0.462922 0.334375 
0.847939 0.310960 
0.298523 0.268064 
0.358047 0.699886 
0.989811 0.753664 
0.828967 0.449516 
0.020874 0.834330 
0.578180 0.477576 
0.614861 0.963664 
0.302795 0.078595 
0.940106 0.353869 
0.470619 0.697083 
0.865794 0.396763 
0.397046 0.154931 
0.922477 0.065999 
0.240699 0.427339 
0.285483 0.119019 
0.346344 0.010345 
0.862574 0.280542 
0.075614 0.838476 
0.261629 0.193421 
0.831956 0.677018 
0.635361 0.511924 
0.913379 0.161831 
0.896857 0.467348 
0.725588 0.963335 
0.775093 0.991131 
0.945882 0.434892 
0.232973 0.575452 
0.629718 0.678157 
0.779975 0.040071 
0.473162 0.437738 
0.064463 0.422250 
0.760345 0.110068 
0.905566 0.843009 
0.455771 0.142921 
0.071742 0.765917 
0.770592 0.340687 
0.926524 0.096839 
0.568738 0.780204 
0.895630 0.854500 
0.576848 0.089503 
0.275787 0.157020 
0.028666 0.783090 
0.386491 0.759949 
0.455869 0.795028 
0.041130 0.271406 
0.520190 0.840669 
0.115962 0.980099 
0.516145 0.854994 
0.892499 0.225547 
0.775910 0.719241 
0.275459 0.640869 
0.090978 0.062321 
0.435110 0.886745 
0.517998 0.996807 
0.326846 0.295830 
0.012045 0.440420 
0.146267 0.308713 
0.539492 0.239229 
0.721033 0.401260 
0.971097 0.233938 
0.796980 0.846296 
0.694943 0.900810 
0.906641 0.923644 
0.684695 0.670362 
0.779514 0.293132 
0.662031 0.753958 
0.772728 0.239531 
0.790798 0.949663 
0.986709 0.616395 
0.758031 0.228015 
0.256434 0.887103 
0.532414 0.287777 
0.660451 0.207860 
0.511419 0.414889 
0.039980 0.945197 
0.920746 0.970594 
0.781044 0.014283 
0.051243 0.244008 
0.047741 0.380570 
0.244768 0.810647 
0.549349 0.913175 
0.723832 0.451130 
0.138993 0.061036 
0.840216 0.507886 
0.043942 0.537597 
0.392551 0.598872 
0.248844 0.328131 
0.897055 0.804974 
0.199182 0.653433 
0.251703 0.374431 
0.061524 0.034878 
0.201264 0.641389 
0.827428 0.590621 
0.566591 0.690609 
0.060846 0.633158 
0.479212 0.117434 
0.721138 0.165073 
0.379336 0.494191 
0.859912 0.533057 
0.088847 0.251877 
0.290153 0.596035 
0.553267 0.766562 
0.608454 0.291254 
0.109436 0.295725 
0.245900 0.833921 
0.715628 0.568042 
0.088094 0.595487 
0.350670 0.716063 
0.868378 0.826883 
0.417161 0.231277 
0.069147 0.150915 
0.433308 0.599815 
0.087788 0.451473 
0.903271 0.272760 
0.272119 0.503050 
0.769641 0.357511 
0.693285 0.040140 
0.637671 0.339849 
0.847168 0.351330 
0.795901 0.704279 
0.815146 0.160826 
0.005885 0.902987 
0.496358 0.286166 
0.597336 0.428729 
0.643588 0.777706 
0.899043 0.216425 
0.460553 0.511547 
0.567446 0.061693 
0.877408 0.594380 
0.738805 0.096693 
0.118482 0.324106 
0.248173 0.047148 
0.408461 0.004325 
0.688477 0.228057 
0.947816 0.935307 
0.706577 0.440431 
0.318204 0.062381 
0.432815 0.323977 
0.084472 0.715624 
0.494271 0.212903 
0.259720 0.114527 
0.852083 0.959088 
0.384330 0.438340 
0.183355 0.653910 
0.260333 0.414584 
0.920462 0.211074 
0.522101 0.949248 
0.018665 0.709016 
0.427126 0.714710 
0.134716 0.173698 
0.346305 0.343272 
0.370739 0.016510 
0.490269 0.955762 
0.494341 0.392603 
0.476678 0.527163 
0.021068 0.095852 
0.978322 0.661521 
0.177588 0.718347 
0.259310 0.216733 
0.627890 0.941555 
0.714609 0.435345 
0.847608 0.740275 
0.805527 0.489411 
0.532546 0.504572 
0.344330 0.148556 
0.785336 0.136584 
0.572630 0.191606 
0.315204 0.639658 
0.739741 0.827226 
0.180382 0.685399 
0.494331 0.228312 
0.235429 0.860239 
0.037499 0.246004 
0.587083 0.100937 
0.449451 0.928196 
0.186038 0.741122 
0.039407 0.317009 
0.976865 0.168702 
0.381149 0.972405 
0.205202 0.828070 
0.380296 0.638996 
0.611552 0.350869 
0.062438 0.401219 
0.283731 0.664619 
0.248348 0.981159 
0.346782 0.372352 
0.119133 0.272156 
0.119260 0.397391 
0.942554 0.511422 
0.468578 0.389207 
0.397707 0.260651 
0.753843 0.841063 
0.740350 0.063201 
0.217352 0.041007 
0.204822 0.441080 
0.232922 0.714027 
0.659991 0.467159 
0.535905 0.948551 
0.292401 0.377965 
0.461671 0.304749 
0.917367 0.186904 
0.303741 0.980259 
0.207282 0.781136 
0.560562 0.366660 
0.454330 0.930255 
0.801968 0.668088 
0.556607 0.888055 
0.541965 0.803362 
0.107086 0.789872 
0.377364 0.355809 
0.083507 0.500240 
0.534857 0.346295 
0.179239 0.470238 
0.284563 0.642154 
0.687233 0.328755 
0.384492 0.151077 
0.153793 0.792662 
0.275810 0.530580 
0.458831 0.580723 
0.215938 0.272958 
0.596792 0.281605 
0.932931 0.768153 
0.346807 0.778329 
0.378818 0.787034 
0.677553 0.632297 
0.012427 0.856799 
0.218036 0.531667 
0.722298 0.663916 
0.439311 0.506462 
0.099439 0.278596 
0.355481 0.573007 
0.532835 0.361132 
0.540308 0.963981 
0.620899 0.452554 
0.068196 0.163662 
0.668880 0.872743 
0.200002 0.439387 
0.777073 0.259344 
0.802654 0.204399 
0.334001 0.556736 
0.054574 0.227092 
0.735468 0.012555 
0.014834 0.316201 
0.387603 0.451025 
0.369193 0.026390 
0.541892 0.577604 
0.790245 0.639915 
0.052352 0.883853 
0.914703 0.419493 
0.421766 0.622509 
0.512570 0.758363 
0.811786 0.680612 
0.037855 0.220936 
0.269912 0.405692 
0.471566 0.616857 
0.511412 0.294746 
0.803394 0.647896 
0.182570 0.460733 
0.538575 0.832379 
0.798975 0.364882 
0.577095 0.240179 
0.684040 0.661619 
0.832881 0.223615 
0.296165 0.636935 
0.964137 0.247382 
0.745028 0.680692 
0.396035 0.157152 
0.261920 0.090936 
0.365180 0.575093 
0.587065 0.798847 
0.222367 0.318364 
0.749596 0.458525 
0.433774 0.441868 
0.477659 0.006734 
0.170059 0.175716 
0.252656 0.396676 
0.931402 0.073345 
0.713789 0.655793 
0.920149 0.940515 
0.240205 0.123491 
0.508423 0.071722 
0.428522 0.176545 
0.195247 0.519337 
0.501234 0.238215 
0.686799 0.037686 
0.386444 0.966104 
0.314942 0.235987 
0.240949 0.624981 
0.052003 0.011157 
0.510001 0.587062 
0.746324 0.472271 
0.451047 0.748561 
0.057595 0.998675 
0.725449 0.616544 
0.248554 0.446034 
