4000
0.220171 0.413723 
0.438017 0.743324 
0.052749 0.556928 
0.294386 0.741410 
0.870249 0.279816 
0.873200 0.879932 
0.023976 0.968084 
0.588650 0.432287 
0.445392 0.698402 
0.035887 0.145361 
0.084257 0.105586 
0.584885 0.168355 
0.547968 0.701995 
0.424042 0.877145 
0.171839 0.102406 
0.130016 0.184634 
0.148055 0.353245 
0.981328 0.176524 
0.832722 0.557453 
0.107105 0.105455 
0.375595 0.629216 
0.232776 0.273554 
0.626128 0.326355 
0.041217 0.739210 
0.906206 0.596425 
0.113604 0.344406 
0.435704 0.884587 
0.254688 0.549276 
0.689772 0.999865 
0.738375 0.867671 
0.952019 0.578127 
0.587569 0.269131 
0.282029 0.068443 
0.321123 0.120395 
0.487157 0.653882 
0.789107 0.524360 
0.924013 0.886631 
0.606736 0.416640 
0.462323 0.264413 
0.990531 0.855446 
0.474630 0.113936 
0.922815 0.756497 
0.445693 0.767870 
0.585854 0.447970 
0.038009 0.821482 
0.646156 0.942151 
0.737402 0.514504 
0.269845 0.279822 
0.971515 0.257627 
0.938034 0.531041 
0.210686 0.997586 
0.419861 0.596975 
0.357337 0.757520 
0.637354 0.014052 
0.171563 0.463208 
0.133028 0.795823 
0.402605 0.581760 
0.639244 0.774593 
0.588827 0.423447 
0.872642 0.496491 
0.529806 0.455828 
0.095680 0.087457 
0.891025 0.461702 
0.825868 0.360990 
0.167283 0.522775 
0.286762 0.604703 
0.246907 0.767735 
0.317843 0.980807 
0.416085 0.141102 
0.495659 0.540586 
0.631025 0.629338 
0.285101 0.690815 
0.520977 0.067749 
0.659418 0.844559 
0.510005 0.648859 
0.368699 0.731895 
0.952489 0.478667 
0.959330 0.462964 
0.041253 0.340964 
0.583660 0.578438 
0.804947 0.751756 
0.769623 0.051039 
0.805039 0.291328 
0.357155 0.707599 
0.624391 0.131203 
0.132453 0.136323 
0.176034 0.602974 
0.180171 0.130998 
0.687082 0.782000 
0.067465 0.889998 
0.190314 0.604238 
0.423864 0.883152 
0.127910 0.775189 
0.604749 0.012428 
0.873406 0.341222 
0.926160 0.977878 
0.195994 0.070705 
0.335137 0.650369 
0.745569 0.773806 
0.364416 0.734377 
0.669596 0.902327 
0.409570 0.644709 
0.631547 0.403747 
0.771673 0.508108 
0.777981 0.531698 
0.247823 0.163314 
0.825486 0.945520 
0.353897 0.950039 
0.307371 0.981016 
0.927894 0.119708 
0.937808 0.734532 
0.281960 0.900631 
0.910066 0.472244 
0.007722 0.790551 
0.794119 0.761952 
0.125286 0.673434 
0.406268 0.154147 
0.748365 0.770293 
0.313059 0.577572 
0.260282 0.558591 
0.237960 0.390170 
0.581222 0.598191 
0.795579 0.298206 
0.956448 0.028915 
0.968608 0.400977 
0.219443 0.170472 
0.115295 0.757101 
0.591024 0.334177 
0.520621 0.072633 
0.740634 0.833678 
0.629199 0.953492 
0.347584 0.850205 
0.396397 0.242350 
0.180646 0.119076 
0.309003 0.421362 
0.828415 0.164069 
0.511350 0.256312 
0.843512 0.911326 
0.648466 0.772604 
0.157896 0.764522 
0.312882 0.600570 
0.784890 0.650529 
0.442129 0.855636 
0.666967 0.720031 
0.555712 0.852058 
0.537998 0.125177 
0.849585 0.971657 
0.645468 0.380272 
0.226054 0.283236 
0.347254 0.305528 
0.003471 0.340183 
0.449533 0.309292 
0.264898 0.145514 
0.652237 0.153094 
0.047599 0.990992 
0.601141 0.371253 
0.656470 0.289179 
0.229226 0.600729 
0.448180 0.565221 
0.666456 0.119579 
0.759557 0.874261 
0.697476 0.478614 
0.067015 0.313587 
0.456048 0.804823 
0.659854 0.165768 
0.060074 0.669927 
0.469208 0.975201 
0.199176 0.553083 
0.674184 0.002990 
0.249533 0.893360 
0.706577 0.435320 
0.424029 0.652105 
0.934279 0.426971 
0.104123 0.995490 
0.195611 0.632350 
0.905259 0.687670 
0.673192 0.338717 
0.808742 0.527892 
0.289129 0.393362 
0.233417 0.044164 
0.272481 0.592733 
0.059520 0.347501 
0.443634 0.162036 
0.342635 0.661637 
0.125634 0.526118 
0.468847 0.903770 
0.655419 0.634706 
0.495942 0.294292 
0.157392 0.279618 
0.540631 0.379750 
0.454916 0.779459 
0.372985 0.764279 
0.236228 0.276718 
0.795428 0.759262 
0.914135 0.861947 
0.737961 0.914255 
0.888765 0.473570 
0.291360 0.889380 
0.803344 0.808721 
0.174775 0.435666 
0.236830 0.398115 
0.119180 0.052953 
0.986694 0.362359 
0.172966 0.034862 
0.931802 0.795343 
0.336185 0.266579 
0.390607 0.925823 
0.314709 0.320956 
0.303959 0.641027 
0.744610 0.659383 
0.242469 0.176425 
0.175817 0.955400 
0.415553 0.203325 
0.289297 0.217797 
0.511167 0.182075 
0.142641 0.362741 
0.583396 0.137912 
0.894711 0.404049 
0.857772 0.575876 
0.741900 0.116981 
0.094098 0.512856 
0.569092 0.722477 
0.671269 0.018245 
0.651963 0.540482 
0.884476 0.393460 
0.890189 0.410074 
0.118742 0.697810 
0.088775 0.036614 
0.365485 0.712815 
0.278083 0.735471 
0.063920 0.297338 
0.353930 0.508419 
0.002404 0.398333 
0.780207 0.931029 
0.799915 0.179721 
0.564050 0.982002 
0.509419 0.811465 
0.288204 0.844135 
0.375917 0.035766 
0.115279 0.497390 
0.641062 0.327166 
0.674643 0.724627 
0.798995 0.705134 
0.182435 0.181561 
0.498525 0.717266 
0.083506 0.488305 
0.939730 0.048179 
0.737788 0.000201 
0.371803 0.899115 
0.418540 0.401736 
0.977825 0.310409 
0.043825 0.570510 
0.553341 0.001587 
0.666037 0.077913 
0.476204 0.564090 
0.662380 0.615494 
0.604544 0.578773 
0.431152 0.373821 
0.812432 0.540575 
0.451135 0.233278 
0.696770 0.617532 
0.866026 0.290851 
0.338915 0.139042 
0.882117 0.732646 
0.573448 0.946583 
0.214008 0.838707 
0.143649 0.304021 
0.672660 0.398154 
0.774928 0.209608 
0.889825 0.280963 
0.141487 0.968207 
0.659061 0.833376 
0.544141 0.380251 
0.879173 0.265390 
0.408164 0.014381 
0.693975 0.631126 
0.338054 0.667311 
0.489599 0.686980 
0.073159 0.580651 
0.001528 0.685909 
0.074552 0.999284 
0.973469 0.090170 
0.480753 0.019077 
0.634820 0.425064 
0.043691 0.313259 
0.950636 0.336980 
0.629588 0.482367 
0.143520 0.144060 
0.216199 0.663308 
0.218269 0.443591 
0.438786 0.672557 
0.662602 0.349642 
0.440174 0.012520 
0.416696 0.409204 
0.495249 0.656042 
0.100307 0.851616 
0.110053 0.662753 
0.883132 0.800650 
0.522578 0.968201 
0.557161 0.211374 
0.562846 0.755533 
0.249742 0.416784 
0.887261 0.195767 
0.254771 0.929621 
0.141005 0.866146 
0.320792 0.558101 
0.002671 0.884134 
0.636548 0.455525 
0.002779 0.713352 
0.306081 0.309455 
0.004863 0.735916 
0.541906 0.812379 
0.660813 0.288370 
0.639010 0.835441 
0.252375 0.663890 
0.005543 0.156092 
0.430062 0.053684 
0.264115 0.979064 
0.132026 0.963064 
0.216311 0.544916 
0.401756 0.319548 
0.644853 0.039008 
0.611220 0.769228 
0.416539 0.775114 
0.348045 0.595172 
0.060006 0.513589 
0.892547 0.044452 
0.100835 0.726523 
0.673363 0.207989 
0.666480 0.528694 
0.765894 0.386873 
0.174472 0.353183 
0.939521 0.523855 
0.430258 0.345142 
0.796296 0.353367 
0.031508 0.552430 
0.691713 0.628711 
0.747083 0.215987 
0.089170 0.672717 
0.360657 0.555189 
0.063343 0.600349 
0.061354 0.180140 
0.609199 0.799671 
0.063958 0.945870 
0.232745 0.743443 
0.045585 0.155461 
0.833182 0.283151 
0.924679 0.076390 
0.890872 0.881653 
0.947091 0.754870 
0.106143 0.942523 
0.982438 0.829477 
0.025480 0.235290 
0.523074 0.302439 
0.095453 0.274137 
0.419130 0.324516 
0.135589 0.852234 
0.493336 0.503971 
0.242115 0.223923 
0.480289 0.215499 
0.884716 0.425567 
0.500952 0.494043 
0.373458 0.714688 
0.766775 0.187664 
0.073292 0.824620 
0.384607 0.088284 
0.781727 0.488828 
0.732414 0.675486 
0.893509 0.205263 
0.847252 0.757219 
0.586474 0.866331 
0.431594 0.803519 
0.739321 0.762620 
0.359772 0.696029 
0.155698 0.824419 
0.003584 0.237655 
0.260118 0.797237 
0.154783 0.431156 
0.431126 0.932117 
0.082745 0.687401 
0.154990 0.915933 
0.078212 0.513482 
0.099135 0.160299 
0.141254 0.048793 
0.060910 0.710442 
0.392674 0.678824 
0.994497 0.509768 
0.673415 0.091523 
0.230459 0.324728 
0.696587 0.545839 
0.914935 0.313996 
0.335137 0.653703 
0.780666 0.661674 
0.749372 0.693220 
0.946210 0.943333 
0.605939 0.024978 
0.810720 0.775632 
0.043048 0.499346 
0.505700 0.306355 
0.900105 0.072952 
0.104913 0.280587 
0.828690 0.799064 
0.872546 0.885065 
0.293841 0.586804 
0.409467 0.911576 
0.851438 0.116357 
0.617259 0.268918 
0.704087 0.595527 
0.014002 0.332835 
0.953066 0.177464 
0.637135 0.336073 
0.382639 0.008858 
0.879481 0.430903 
0.189868 0.105504 
0.202146 0.466560 
0.466459 0.772637 
0.706838 0.824982 
0.470180 0.320823 
0.078922 0.447858 
0.151510 0.426877 
0.516873 0.079752 
0.391427 0.716395 
0.447374 0.013009 
0.648667 0.143218 
0.063267 0.331053 
0.999798 0.597776 
0.813503 0.543573 
0.825201 0.155923 
0.595234 0.093752 
0.682336 0.021530 
0.847127 0.661388 
0.950649 0.561495 
0.054116 0.532245 
0.439855 0.637800 
0.498378 0.232213 
0.810402 0.419586 
0.973892 0.196654 
0.160067 0.252526 
0.210309 0.666444 
0.926142 0.671585 
0.333117 0.700815 
0.603574 0.271765 
0.558853 0.635706 
0.314856 0.790238 
0.528421 0.165022 
0.530433 0.984924 
0.617429 0.129198 
0.424907 0.405813 
0.501766 0.176790 
0.310016 0.432218 
0.288615 0.755625 
0.791240 0.362612 
0.422731 0.843051 
0.155386 0.568879 
0.142704 0.418510 
0.899479 0.540271 
0.338857 0.171609 
0.233049 0.847558 
0.913341 0.522832 
0.231068 0.559607 
0.318267 0.116702 
0.414407 0.939351 
0.678344 0.921245 
0.362098 0.781332 
0.841188 0.850543 
0.070867 0.057955 
0.041477 0.103976 
0.530653 0.684613 
0.292178 0.632711 
0.973920 0.667050 
0.107286 0.154812 
0.917838 0.108482 
0.249077 0.241198 
0.818060 0.131992 
0.385392 0.280631 
0.560479 0.976869 
0.236987 0.048351 
0.628841 0.927603 
0.222217 0.799197 
0.103273 0.706206 
0.212010 0.257955 
0.456845 0.191577 
0.837264 0.890012 
0.433925 0.980969 
0.150728 0.285808 
0.573708 0.317782 
0.962518 0.034470 
0.332631 0.526994 
0.195326 0.851291 
0.654322 0.196789 
0.435451 0.628287 
0.612447 0.395249 
0.943377 0.332704 
0.755523 0.076545 
0.485532 0.341481 
0.268347 0.115807 
0.362828 0.043648 
0.589962 0.491331 
0.804314 0.101696 
0.199820 0.373438 
0.374719 0.896796 
0.448073 0.770212 
0.948594 0.016512 
0.517200 0.577291 
0.532255 0.607707 
0.728742 0.965723 
0.901593 0.069342 
0.437255 0.939776 
0.808236 0.030083 
0.611066 0.179365 
0.589376 0.639920 
0.139640 0.924804 
0.180862 0.744415 
0.374765 0.674314 
0.201174 0.136551 
0.004600 0.310480 
0.236525 0.271734 
0.026417 0.988441 
0.729182 0.363113 
0.840492 0.152617 
0.038147 0.139371 
0.403644 0.036794 
0.395073 0.990605 
0.098304 0.201539 
0.261522 0.398365 
0.324867 0.040319 
0.641103 0.018352 
0.434403 0.008656 
0.485396 0.043706 
0.562975 0.926842 
0.435996 0.779347 
0.486611 0.474278 
0.196630 0.752721 
0.973729 0.464500 
0.844378 0.456969 
0.283855 0.754932 
0.150032 0.584243 
0.375917 0.042723 
0.052373 0.230522 
0.381029 0.957240 
0.329360 0.547290 
0.309728 0.599639 
0.124419 0.114908 
0.259680 0.445458 
0.818112 0.015698 
0.843202 0.699981 
0.581475 0.856714 
0.794553 0.044146 
0.959481 0.001972 
0.135869 0.552775 
0.483508 0.327297 
0.887298 0.825015 
0.024475 0.353131 
0.070261 0.884801 
0.858332 0.992289 
0.404771 0.994459 
0.880074 0.406057 
0.598510 0.158145 
0.938340 0.678374 
0.430108 0.817545 
0.483775 0.814116 
0.843552 0.578203 
0.851856 0.146503 
0.276987 0.328054 
0.606189 0.225273 
0.168550 0.817974 
0.689099 0.684156 
0.616615 0.446208 
0.410678 0.264518 
0.761771 0.093045 
0.804334 0.435843 
0.205685 0.942669 
0.442101 0.393997 
0.910534 0.340101 
0.077681 0.576559 
0.230392 0.198490 
0.014260 0.673159 
0.785001 0.510231 
0.451347 0.792296 
0.111315 0.870985 
0.637567 0.593763 
0.372020 0.537132 
0.575518 0.735311 
0.363799 0.365815 
0.250957 0.836955 
0.707195 0.822172 
0.246479 0.567115 
0.502013 0.326542 
0.196809 0.775390 
0.972115 0.329616 
0.863729 0.688334 
0.824962 0.138428 
0.565522 0.724920 
0.727416 0.681083 
0.965927 0.342636 
0.683269 0.696080 
0.019229 0.177811 
0.472414 0.858610 
0.666025 0.878019 
0.869557 0.648556 
0.279360 0.207483 
0.167966 0.012230 
0.547419 0.464320 
0.821177 0.514014 
0.037576 0.547373 
0.690495 0.153912 
0.793388 0.464433 
0.719541 0.319906 
0.664528 0.723372 
0.711602 0.894147 
0.935497 0.890156 
0.855740 0.428746 
0.928444 0.358581 
0.665955 0.705277 
0.589693 0.969052 
0.850342 0.700793 
0.228691 0.611713 
0.063919 0.294387 
0.764184 0.645213 
0.091304 0.545084 
0.232593 0.195208 
0.867917 0.084976 
0.184828 0.401719 
0.689447 0.537529 
0.254518 0.689099 
0.678944 0.012448 
0.213063 0.949690 
0.441538 0.934953 
0.761330 0.680432 
0.024436 0.700216 
0.530286 0.510797 
0.971077 0.885508 
0.734652 0.297352 
0.591069 0.103400 
0.843666 0.497330 
0.627500 0.394374 
0.251787 0.780642 
0.245146 0.176749 
0.622367 0.127538 
0.538191 0.379084 
0.263459 0.951624 
0.941617 0.752433 
0.135280 0.646963 
0.499669 0.937811 
0.791273 0.930924 
0.039217 0.123522 
0.034715 0.461823 
0.864019 0.563317 
0.660894 0.648781 
0.063496 0.174966 
0.652906 0.396166 
0.367147 0.639460 
0.410607 0.072132 
0.322059 0.844182 
0.163484 0.683387 
0.678852 0.460166 
0.008163 0.190086 
0.774373 0.881085 
0.396314 0.851252 
0.996493 0.051082 
0.541305 0.708748 
0.927841 0.218760 
0.702250 0.716657 
0.854723 0.334562 
0.985413 0.837159 
0.138111 0.226201 
0.752017 0.153297 
0.470782 0.435686 
0.568621 0.811106 
0.251209 0.066646 
0.120957 0.918105 
0.582426 0.825669 
0.023631 0.165974 
0.523258 0.404256 
0.335490 0.575877 
0.767265 0.430952 
0.010948 0.997933 
0.267708 0.369200 
0.142870 0.218793 
0.251614 0.880158 
0.814709 0.821922 
0.048876 0.458285 
0.387901 0.456136 
0.283929 0.986435 
0.015609 0.348507 
0.350126 0.565832 
0.937219 0.842017 
0.780823 0.284587 
0.060615 0.749690 
0.034122 0.489745 
0.149727 0.463567 
0.174202 0.814491 
0.150807 0.618592 
0.669802 0.370520 
0.328083 0.098398 
0.768307 0.942868 
0.783421 0.953427 
0.246344 0.299573 
0.927116 0.040937 
0.035437 0.590927 
0.708101 0.045916 
0.710446 0.461374 
0.317528 0.698015 
0.540626 0.304225 
0.115261 0.188100 
0.399212 0.560438 
0.280080 0.296171 
0.750910 0.548946 
0.127689 0.066899 
0.369971 0.098665 
0.267898 0.568792 
0.684494 0.297823 
0.515847 0.847691 
0.147182 0.696012 
0.880156 0.773511 
0.407006 0.542460 
0.123990 0.901164 
0.854980 0.641069 
0.442566 0.199329 
0.125102 0.595190 
0.358049 0.735637 
0.854427 0.358776 
0.942770 0.130257 
0.226437 0.734137 
0.632207 0.503558 
0.292009 0.801154 
0.996783 0.928296 
0.865506 0.566618 
0.141102 0.507469 
0.031108 0.839456 
0.732387 0.230862 
0.100227 0.511303 
0.474607 0.717695 
0.296139 0.214640 
0.448164 0.295407 
0.901209 0.626096 
0.796259 0.723751 
0.079527 0.615470 
0.205901 0.569996 
0.918461 0.570702 
0.780427 0.635461 
0.186564 0.580059 
0.055043 0.100185 
0.804206 0.298524 
0.288045 0.174020 
0.760274 0.923598 
0.908421 0.831770 
0.554422 0.162496 
0.078054 0.849144 
0.558380 0.684859 
0.418193 0.565393 
0.566149 0.264699 
0.798246 0.124089 
0.557239 0.514026 
0.238456 0.727781 
0.812300 0.326848 
0.330070 0.489868 
0.213705 0.740594 
0.165377 0.485932 
0.059425 0.754169 
0.323035 0.252517 
0.055527 0.243608 
0.319685 0.947926 
0.795463 0.344987 
0.202199 0.364260 
0.113834 0.214303 
0.794270 0.292648 
0.526771 0.432392 
0.219677 0.104200 
0.296060 0.882169 
0.613582 0.466882 
0.881649 0.872858 
0.118950 0.189662 
0.646022 0.685191 
0.001595 0.807295 
0.203451 0.396665 
0.740321 0.578248 
0.609848 0.712823 
0.408047 0.051981 
0.645900 0.641428 
0.486675 0.544667 
0.225301 0.625821 
0.176322 0.441259 
0.235414 0.607995 
0.574587 0.086470 
0.293331 0.012875 
0.394876 0.680215 
0.376213 0.017962 
0.887371 0.045052 
0.187193 0.155597 
0.122027 0.903907 
0.967971 0.683422 
0.267755 0.152573 
0.286237 0.777913 
0.377919 0.684019 
0.315506 0.705738 
0.333846 0.952730 
0.538628 0.713081 
0.746274 0.631789 
0.476441 0.537405 
0.161278 0.592282 
0.479470 0.448164 
0.287745 0.125715 
0.888486 0.777780 
0.144625 0.718484 
0.558791 0.597343 
0.538814 0.854116 
0.122168 0.271799 
0.120387 0.340468 
0.241118 0.478553 
0.044938 0.267682 
0.934602 0.849495 
0.455251 0.409789 
0.315464 0.011093 
0.434384 0.691148 
0.128868 0.891390 
0.585773 0.092788 
0.480766 0.226312 
0.623913 0.098390 
0.640534 0.456939 
0.770931 0.031373 
0.288426 0.571897 
0.876712 0.895570 
0.842315 0.794708 
0.653183 0.054226 
0.370205 0.037098 
0.502875 0.812659 
0.355782 0.623637 
0.471347 0.921730 
0.523193 0.309136 
0.647408 0.989958 
0.230256 0.909723 
0.708882 0.185920 
0.764471 0.461020 
0.370020 0.923596 
0.876920 0.392172 
0.243000 0.095715 
0.689923 0.538419 
0.203799 0.254373 
0.250159 0.426487 
0.970287 0.613802 
0.162728 0.971344 
0.374158 0.470748 
0.862185 0.742581 
0.564306 0.286842 
0.949023 0.229701 
0.582718 0.733703 
0.343642 0.597602 
0.900740 0.730346 
0.925624 0.960374 
0.014184 0.396498 
0.946386 0.903259 
0.065877 0.202227 
0.831964 0.812054 
0.188358 0.726154 
0.462755 0.527746 
0.818657 0.175157 
0.857413 0.543522 
0.966320 0.935976 
0.955965 0.910974 
0.740168 0.002504 
0.076854 0.689630 
0.604480 0.493709 
0.769128 0.740741 
0.640842 0.625246 
0.511625 0.873596 
0.534694 0.605234 
0.173546 0.795824 
0.414258 0.441526 
0.735569 0.704640 
0.879244 0.453675 
0.922076 0.326055 
0.002155 0.213550 
0.130273 0.498435 
0.198426 0.939575 
0.430242 0.084578 
0.508716 0.985375 
0.192666 0.132795 
0.883523 0.372303 
0.304064 0.400747 
0.358585 0.738051 
0.431381 0.225921 
0.054067 0.702133 
0.752817 0.603696 
0.313485 0.742410 
0.685345 0.585322 
0.508832 0.944072 
0.023367 0.721175 
0.793389 0.496043 
0.000667 0.209803 
0.152411 0.570244 
0.087756 0.907352 
0.870088 0.568339 
0.080347 0.393637 
0.851171 0.627614 
0.302709 0.636821 
0.048774 0.741414 
0.943316 0.316606 
0.204488 0.837564 
0.938905 0.171048 
0.797186 0.313284 
0.356637 0.991278 
0.411282 0.416611 
0.976728 0.870810 
0.702710 0.449360 
0.398618 0.572261 
0.992558 0.916274 
0.820897 0.812448 
0.815954 0.739749 
0.962144 0.760312 
0.565548 0.163956 
0.602717 0.872842 
0.862378 0.986353 
0.636744 0.757916 
0.293251 0.668289 
0.939797 0.174651 
0.366249 0.541040 
0.261242 0.685897 
0.871106 0.674482 
0.013118 0.479990 
0.196417 0.175029 
0.710022 0.336749 
0.733621 0.971429 
0.814132 0.108388 
0.685416 0.780354 
0.408317 0.587534 
0.687960 0.548957 
0.328427 0.879627 
0.890880 0.015899 
0.214771 0.652962 
0.331856 0.498946 
0.789361 0.785779 
0.591968 0.206540 
0.310318 0.513574 
0.644483 0.822719 
0.434542 0.351942 
0.083006 0.077619 
0.540324 0.232628 
0.787015 0.360843 
0.692624 0.931854 
0.661910 0.726240 
0.910274 0.967814 
0.045419 0.351656 
0.289042 0.920870 
0.056267 0.680820 
0.543411 0.100850 
0.983408 0.138183 
0.441479 0.939760 
0.547728 0.663267 
0.532311 0.551074 
0.899111 0.364444 
0.212544 0.233838 
0.120697 0.556680 
0.124614 0.380954 
0.688664 0.369280 
0.480616 0.709845 
0.358126 0.029907 
0.653066 0.077723 
0.291036 0.446609 
0.163958 0.643454 
0.527030 0.788080 
0.260290 0.690215 
0.440481 0.160478 
0.159141 0.677590 
0.251175 0.494562 
0.103257 0.435868 
0.633732 0.138916 
0.763988 0.345662 
0.549049 0.874879 
0.088875 0.724519 
0.988716 0.357047 
0.893384 0.112797 
0.772676 0.362672 
0.428553 0.684970 
0.284578 0.907883 
0.789754 0.396259 
0.932421 0.197089 
0.475046 0.098517 
0.769541 0.681447 
0.086727 0.626760 
0.960019 0.039354 
0.423661 0.464500 
0.843595 0.303191 
0.723323 0.889919 
0.873308 0.688325 
0.671456 0.156252 
0.122732 0.761232 
0.030821 0.015603 
0.232825 0.090079 
0.963565 0.629619 
0.009481 0.345089 
0.918115 0.761235 
0.069515 0.338427 
0.945538 0.656332 
0.964786 0.163836 
0.598063 0.652250 
0.359546 0.882912 
0.103786 0.332971 
0.238209 0.580846 
0.279110 0.001592 
0.760618 0.712082 
0.966523 0.350934 
0.154444 0.737261 
0.138731 0.658876 
0.728217 0.137469 
0.435038 0.687432 
0.667343 0.037233 
0.780630 0.044369 
0.706332 0.323432 
0.917054 0.927483 
0.200118 0.380874 
0.356177 0.271621 
0.140880 0.772984 
0.539354 0.914680 
0.024888 0.286488 
0.002164 0.372918 
0.634253 0.889611 
0.691062 0.678830 
0.096154 0.054098 
0.230945 0.498087 
0.344106 0.385599 
0.759107 0.319646 
0.295950 0.040022 
0.643622 0.352959 
0.189547 0.718817 
0.162549 0.969031 
0.505559 0.935074 
0.791827 0.238801 
0.536043 0.266393 
0.260662 0.938976 
0.367441 0.584247 
0.432072 0.826353 
0.520560 0.045218 
0.985958 0.989402 
0.874481 0.401634 
0.261440 0.021167 
0.751825 0.927378 
0.436039 0.500351 
0.405344 0.614586 
0.340033 0.934467 
0.588770 0.449768 
0.256419 0.638357 
0.866894 0.883821 
0.383309 0.266754 
0.331600 0.195852 
0.682684 0.867530 
0.576434 0.124066 
0.170491 0.442687 
0.245854 0.072862 
0.586496 0.239696 
0.573315 0.711019 
0.102514 0.956448 
0.026715 0.006490 
0.075881 0.338755 
0.462878 0.587763 
0.537564 0.830038 
0.451887 0.871917 
0.308549 0.784633 
0.332416 0.914436 
0.930773 0.501830 
0.257228 0.233207 
0.502552 0.397977 
0.805517 0.325871 
0.918925 0.375760 
0.391173 0.444363 
0.414178 0.092284 
0.015506 0.613909 
0.972451 0.980247 
0.015230 0.975353 
0.761561 0.551073 
0.879091 0.890782 
0.374130 0.006801 
0.302104 0.459082 
0.784485 0.845008 
0.048457 0.424852 
0.482302 0.042765 
0.748771 0.594449 
0.898203 0.104628 
0.490912 0.754649 
0.386723 0.661010 
0.597907 0.023482 
0.658037 0.633661 
0.945575 0.276665 
0.912950 0.952884 
0.124820 0.849021 
0.502572 0.733282 
0.278975 0.724690 
0.866527 0.722512 
0.259593 0.976856 
0.015243 0.188199 
0.063247 0.993415 
0.328079 0.028571 
0.188162 0.432183 
0.706944 0.604135 
0.692483 0.567507 
0.096112 0.358405 
0.705419 0.985392 
0.475229 0.173098 
0.258076 0.476666 
0.332403 0.703210 
0.857409 0.469789 
0.748818 0.378236 
0.013073 0.710830 
0.925674 0.795174 
0.492357 0.038190 
0.862707 0.520637 
0.347487 0.216216 
0.936988 0.963182 
0.206103 0.975249 
0.010082 0.446389 
0.452827 0.660459 
0.328535 0.692574 
0.093352 0.966364 
0.683230 0.052440 
0.351532 0.196114 
0.085564 0.081006 
0.462541 0.928782 
0.035242 0.312140 
0.135598 0.996630 
0.365528 0.422166 
0.337049 0.779454 
0.277277 0.188668 
0.938742 0.444254 
0.584882 0.107372 
0.605523 0.025324 
0.622214 0.554831 
0.041859 0.530756 
0.416143 0.107040 
0.021009 0.105057 
0.688957 0.294547 
0.446837 0.984392 
0.683198 0.509454 
0.391328 0.054465 
0.398062 0.222841 
0.293153 0.020353 
0.080050 0.406799 
0.077171 0.005996 
0.777050 0.877418 
0.758593 0.664676 
0.207563 0.515550 
0.846281 0.449821 
0.137285 0.347950 
0.001512 0.414819 
0.868647 0.342134 
0.250199 0.098600 
0.172457 0.487661 
0.118757 0.956158 
0.151161 0.568299 
0.406340 0.359322 
0.120823 0.678252 
0.388223 0.871694 
0.566425 0.911997 
0.936846 0.564408 
0.005575 0.699602 
0.203297 0.820889 
0.681176 0.532634 
0.971680 0.023482 
0.655439 0.963116 
0.084608 0.004821 
0.034227 0.258434 
0.506007 0.465935 
0.976166 0.415241 
0.956285 0.278455 
0.986032 0.244571 
0.510330 0.116392 
0.193647 0.632401 
0.769251 0.801792 
0.722736 0.020030 
0.647916 0.527267 
0.779536 0.663781 
0.160140 0.466412 
0.984326 0.563127 
0.478904 0.935642 
0.340835 0.414879 
0.878890 0.502903 
0.296399 0.574929 
0.832997 0.177351 
0.731908 0.171541 
0.089820 0.596693 
0.621507 0.663461 
0.789630 0.315424 
0.322998 0.632050 
0.871221 0.609270 
0.995876 0.694111 
0.930130 0.694858 
0.486311 0.424501 
0.595737 0.553102 
0.983709 0.190973 
0.684420 0.047428 
0.118049 0.052180 
0.991555 0.072793 
0.427833 0.596313 
0.227786 0.393589 
0.044084 0.924749 
0.259463 0.800616 
0.960183 0.794283 
0.514314 0.071544 
0.441933 0.567363 
0.670666 0.877094 
0.326834 0.098958 
0.178984 0.188541 
0.802198 0.548856 
0.621160 0.831908 
0.879080 0.700171 
0.771300 0.239179 
0.878141 0.913014 
0.033502 0.073380 
0.298278 0.160888 
0.036821 0.849668 
0.363029 0.433444 
0.894452 0.046507 
0.642703 0.911400 
0.897398 0.572836 
0.655212 0.152574 
0.308628 0.107525 
0.164746 0.882047 
0.562572 0.147970 
0.928493 0.184685 
0.005645 0.869456 
0.945718 0.682029 
0.868296 0.448213 
0.115015 0.064535 
0.637858 0.472674 
0.239922 0.361356 
0.315859 0.634510 
0.206801 0.697295 
0.442265 0.140575 
0.650367 0.716267 
0.296328 0.378089 
0.548283 0.989059 
0.119133 0.274527 
0.975209 0.345803 
0.913544 0.939895 
0.813211 0.643725 
0.093716 0.087462 
0.965791 0.042192 
0.123511 0.845701 
0.692702 0.239882 
0.703980 0.799343 
0.565472 0.888970 
0.913189 0.965409 
0.628036 0.408474 
0.214659 0.766533 
0.121091 0.170111 
0.054813 0.234710 
0.764491 0.807470 
0.153288 0.304394 
0.942310 0.399471 
0.909301 0.619741 
0.994345 0.952416 
0.254224 0.740837 
0.254702 0.769464 
0.373904 0.200000 
0.401186 0.741129 
0.149767 0.131360 
0.767513 0.594213 
0.931964 0.515891 
0.581335 0.499443 
0.138915 0.743522 
0.374346 0.641132 
0.504784 0.902549 
0.146247 0.967045 
0.125813 0.533283 
0.890874 0.914743 
0.088859 0.454173 
0.278901 0.482403 
0.741877 0.734115 
0.265502 0.300494 
0.404638 0.749223 
0.187874 0.595620 
0.590014 0.360309 
0.708007 0.471830 
0.041268 0.585342 
0.851095 0.354623 
0.155317 0.408745 
0.770216 0.019180 
0.355823 0.321601 
0.142831 0.559969 
0.400608 0.024136 
0.646604 0.475877 
0.064571 0.242492 
0.556035 0.284693 
0.835948 0.781552 
0.545409 0.685671 
0.069862 0.165394 
0.774944 0.486865 
0.747507 0.355107 
0.281060 0.780360 
0.507196 0.435950 
0.005601 0.134724 
0.309705 0.209987 
0.252561 0.792732 
0.445562 0.563009 
0.497103 0.805391 
0.205544 0.569824 
0.026265 0.438782 
0.611636 0.772459 
0.717814 0.307548 
0.952344 0.038390 
0.213912 0.212293 
0.012819 0.450805 
0.671445 0.973013 
0.428498 0.773824 
0.655283 0.336273 
0.741396 0.634480 
0.703949 0.262869 
0.044708 0.410949 
0.822596 0.369586 
0.632691 0.641166 
0.074911 0.035802 
0.727153 0.253205 
0.620756 0.053130 
0.950031 0.172773 
0.794135 0.027563 
0.254740 0.406859 
0.074446 0.208650 
0.785231 0.370478 
0.623820 0.538994 
0.867784 0.852097 
0.190795 0.692086 
0.889509 0.979161 
0.760741 0.766003 
0.217492 0.389270 
0.460465 0.039978 
0.911755 0.859777 
0.269053 0.969031 
0.499877 0.438640 
0.222363 0.258806 
0.747028 0.302023 
0.106270 0.083191 
0.198251 0.997204 
0.009563 0.730067 
0.239718 0.945866 
0.172811 0.427061 
0.620028 0.812751 
0.901677 0.493702 
0.657008 0.330388 
0.838996 0.003456 
0.088181 0.064293 
0.573522 0.189300 
0.573236 0.385397 
0.363496 0.282580 
0.326020 0.424584 
0.987860 0.968706 
0.035999 0.041839 
0.189542 0.631655 
0.226203 0.792558 
0.519040 0.506351 
0.243369 0.302911 
0.019691 0.942321 
0.585879 0.876339 
0.627305 0.123187 
0.402477 0.424124 
0.249506 0.454528 
0.251258 0.889299 
0.452482 0.860336 
0.673742 0.588295 
0.480583 0.166718 
0.030243 0.287363 
0.709861 0.629748 
0.180383 0.691378 
0.989202 0.510778 
0.644130 0.894408 
0.322317 0.188091 
0.239727 0.083391 
0.554824 0.923783 
0.020146 0.598647 
0.452500 0.161699 
0.667813 0.926832 
0.262563 0.901962 
0.272671 0.787355 
0.074648 0.617151 
0.465034 0.822374 
0.636024 0.662395 
0.877818 0.488127 
0.957962 0.466274 
0.666085 0.886439 
0.382022 0.638715 
0.890208 0.733256 
0.840166 0.663984 
0.587322 0.126915 
0.066126 0.373197 
0.317701 0.601254 
0.272365 0.632126 
0.133599 0.391422 
0.623136 0.043090 
0.219990 0.373695 
0.688817 0.945603 
0.747406 0.647831 
0.101804 0.012955 
0.732817 0.459712 
0.372859 0.633965 
0.044908 0.774832 
0.605469 0.115540 
0.880494 0.458547 
0.798624 0.470476 
0.286569 0.358584 
0.713132 0.615064 
0.378575 0.712047 
0.371249 0.586768 
0.813638 0.808226 
0.862654 0.623164 
0.514707 0.687104 
0.150410 0.945767 
0.499329 0.227974 
0.556404 0.489642 
0.414371 0.326727 
0.294901 0.403439 
0.605721 0.360289 
0.372960 0.339119 
0.577424 0.773195 
0.085661 0.711857 
0.175297 0.210215 
0.091082 0.816305 
0.631886 0.106712 
0.516364 0.527917 
0.708012 0.558859 
0.741472 0.916525 
0.040562 0.726303 
0.981469 0.544877 
0.745868 0.795213 
0.140826 0.864702 
0.052888 0.894618 
0.842477 0.517517 
0.912754 0.657028 
0.668402 0.824528 
0.841716 0.728729 
0.748510 0.201821 
0.999230 0.061493 
0.517868 0.814979 
0.353805 0.399714 
0.986918 0.122742 
0.923262 0.257649 
0.312588 0.666506 
0.970195 0.075599 
0.594309 0.545714 
0.818579 0.865140 
0.404745 0.546666 
0.813988 0.691942 
0.472562 0.347889 
0.969535 0.973613 
0.506467 0.194389 
0.095041 0.359250 
0.916408 0.064959 
0.773980 0.285592 
0.950726 0.844895 
0.146767 0.715400 
0.723088 0.940459 
0.301588 0.796559 
0.762133 0.161400 
0.653740 0.401329 
0.134425 0.273843 
0.483282 0.519205 
0.282646 0.432184 
0.712485 0.732889 
0.661051 0.291801 
0.295316 0.381508 
0.013008 0.621611 
0.417084 0.935668 
0.777546 0.223458 
0.655868 0.180265 
0.708246 0.497526 
0.922582 0.828552 
0.471353 0.035135 
0.505743 0.030255 
0.487820 0.787228 
0.948866 0.586212 
0.458630 0.190841 
0.464533 0.406123 
0.713251 0.611461 
0.826801 0.051264 
0.598801 0.050291 
0.236641 0.231198 
0.747821 0.626143 
0.586761 0.698042 
0.995096 0.572045 
0.360715 0.542611 
0.659922 0.301429 
0.113898 0.291415 
0.813901 0.230720 
0.709827 0.056209 
0.696654 0.666552 
0.731584 0.729319 
0.658078 0.323798 
0.079271 0.309582 
0.140233 0.900646 
0.164830 0.290324 
0.472171 0.769646 
0.433231 0.321385 
0.521633 0.077698 
0.862871 0.277296 
0.507991 0.812036 
0.897005 0.968914 
0.543426 0.359284 
0.492710 0.981527 
0.527485 0.446707 
0.799020 0.123539 
0.324127 0.597691 
0.393228 0.986545 
0.860566 0.540532 
0.726359 0.913331 
0.354698 0.404765 
0.890470 0.137483 
0.678141 0.514207 
0.279861 0.627631 
0.596558 0.354615 
0.006201 0.219267 
0.222012 0.358216 
0.541649 0.492224 
0.801758 0.150519 
0.766188 0.320389 
0.781522 0.035740 
0.681831 0.540070 
0.951503 0.906909 
0.426733 0.108010 
0.327015 0.140519 
0.709590 0.084905 
0.002968 0.880331 
0.729742 0.781108 
0.073997 0.662371 
0.471449 0.651554 
0.662818 0.975474 
0.792817 0.868607 
0.684414 0.946021 
0.782928 0.674020 
0.261796 0.007698 
0.373656 0.039220 
0.177649 0.750058 
0.228232 0.888331 
0.181530 0.982627 
0.009347 0.091878 
0.188909 0.988975 
0.696534 0.650776 
0.595794 0.511323 
0.812800 0.728596 
0.513322 0.404140 
0.386027 0.959766 
0.793165 0.728241 
0.552548 0.673170 
0.971300 0.635740 
0.880437 0.500036 
0.102634 0.975456 
0.487612 0.289483 
0.343664 0.966827 
0.458971 0.922631 
0.662898 0.320334 
0.851718 0.820357 
0.747133 0.069797 
0.072629 0.679737 
0.338149 0.264187 
0.196816 0.885710 
0.128776 0.342238 
0.995988 0.575312 
0.273653 0.279339 
0.842571 0.087056 
0.158477 0.526368 
0.659108 0.630155 
0.011739 0.291288 
0.673154 0.699529 
0.986047 0.485624 
0.874205 0.760315 
0.617711 0.863314 
0.712190 0.775972 
0.756015 0.349330 
0.189111 0.391254 
0.803796 0.396441 
0.981144 0.084771 
0.750280 0.964157 
0.583039 0.137686 
0.081751 0.982893 
0.478431 0.983503 
0.740436 0.515157 
0.239346 0.695986 
0.435946 0.951732 
0.760128 0.478272 
0.321129 0.215666 
0.696652 0.637469 
0.937163 0.899941 
0.314188 0.560744 
0.426935 0.491788 
0.478945 0.635202 
0.846028 0.196604 
0.320932 0.902419 
0.963269 0.657949 
0.155714 0.086586 
0.256411 0.504737 
0.122237 0.434155 
0.849606 0.331709 
0.041412 0.003119 
0.425373 0.239993 
0.564621 0.593097 
0.174771 0.371333 
0.996211 0.322367 
0.015095 0.706262 
0.142182 0.655614 
0.904993 0.218406 
0.756197 0.408266 
0.733607 0.731434 
0.207858 0.471183 
0.179120 0.473019 
0.024868 0.964378 
0.301418 0.924673 
0.970773 0.788421 
0.987830 0.463560 
0.061001 0.251923 
0.075427 0.703084 
0.724481 0.344849 
0.874755 0.999133 
0.425093 0.544821 
0.809372 0.115021 
0.163578 0.248567 
0.658027 0.457341 
0.530746 0.244362 
0.984128 0.239793 
0.193311 0.980863 
0.359366 0.864555 
0.582722 0.806386 
0.935081 0.904229 
0.384515 0.539680 
0.399587 0.863725 
0.630810 0.022219 
0.439310 0.487052 
0.885725 0.377397 
0.903154 0.310258 
0.514053 0.690483 
0.955811 0.308894 
0.582517 0.367401 
0.915593 0.369604 
0.930046 0.287889 
0.543523 0.988914 
0.685571 0.388531 
0.033905 0.839182 
0.137674 0.894661 
0.572067 0.733204 
0.952100 0.939626 
0.295808 0.637796 
0.434929 0.855365 
0.118055 0.142966 
0.829898 0.094530 
0.769364 0.696267 
0.154347 0.111137 
0.874800 0.763057 
0.697056 0.424715 
0.190099 0.992298 
0.550796 0.226511 
0.964176 0.900218 
0.969626 0.498643 
0.696789 0.936261 
0.742448 0.317598 
0.865537 0.084786 
0.994980 0.624641 
0.339043 0.292710 
0.582196 0.960812 
0.375401 0.367741 
0.621861 0.623241 
0.815301 0.768275 
0.398458 0.883340 
0.291610 0.084517 
0.477772 0.907156 
0.570389 0.526867 
0.053640 0.535566 
0.257904 0.588188 
0.680933 0.446948 
0.853220 0.065478 
0.481920 0.621730 
0.412018 0.786328 
0.818569 0.683435 
0.491918 0.657901 
0.333875 0.434991 
0.897133 0.113034 
0.767403 0.748958 
0.741502 0.426656 
0.805131 0.836809 
0.255718 0.846179 
0.724592 0.210342 
0.221936 0.083731 
0.270539 0.943531 
0.921025 0.669742 
0.357490 0.339862 
0.056703 0.012532 
0.617192 0.144261 
0.592393 0.355122 
0.531395 0.148051 
0.299031 0.819069 
0.098457 0.763258 
0.078799 0.376821 
0.227398 0.879701 
0.143013 0.615086 
0.754663 0.628918 
0.229402 0.560208 
0.410464 0.672966 
0.544641 0.788268 
0.424193 0.419525 
0.959242 0.980110 
0.708071 0.556173 
0.601815 0.702733 
0.826873 0.255367 
0.950583 0.440321 
0.476738 0.536209 
0.056556 0.534437 
0.281181 0.808673 
0.366522 0.133671 
0.608391 0.223041 
0.648270 0.480904 
0.548043 0.966454 
0.195246 0.495420 
0.521753 0.108351 
0.051996 0.901008 
0.247171 0.197757 
0.704368 0.306171 
0.819459 0.642632 
0.715570 0.581059 
0.857631 0.208305 
0.982533 0.439753 
0.925390 0.030332 
0.787717 0.161537 
0.948040 0.703923 
0.834626 0.560017 
0.198929 0.404677 
0.411889 0.623934 
0.453856 0.955334 
0.295068 0.201272 
0.786529 0.195710 
0.291321 0.233287 
0.859027 0.658956 
0.075565 0.025386 
0.669281 0.600893 
0.211100 0.955956 
0.746534 0.999701 
0.979079 0.378932 
0.717204 0.053016 
0.039278 0.142562 
0.043958 0.808405 
0.863096 0.054231 
0.460709 0.140080 
0.322820 0.642784 
0.276115 0.667668 
0.495288 0.313316 
0.906830 0.097785 
0.465432 0.520885 
0.513518 0.701609 
0.939230 0.638956 
0.935948 0.482846 
0.188605 0.887231 
0.684728 0.231818 
0.168898 0.663341 
0.763845 0.942803 
0.685796 0.173253 
0.866722 0.994521 
0.920371 0.671932 
0.169147 0.850980 
0.425071 0.171339 
0.694584 0.873441 
0.920632 0.063230 
0.706696 0.441211 
0.427592 0.540579 
0.504441 0.137153 
0.124620 0.483581 
0.543680 0.621869 
0.759796 0.886629 
0.569937 0.925960 
0.606098 0.691493 
0.918981 0.309352 
0.270845 0.092037 
0.871115 0.830500 
0.218925 0.472088 
0.386797 0.889907 
0.661401 0.171173 
0.901752 0.745280 
0.917012 0.222303 
0.250793 0.074529 
0.603341 0.345229 
0.261314 0.911929 
0.791770 0.270625 
0.390885 0.598800 
0.028792 0.902337 
0.583378 0.835909 
0.114542 0.105877 
0.466481 0.153718 
0.544818 0.759330 
0.062404 0.823147 
0.639623 0.144311 
0.432304 0.727470 
0.583362 0.562909 
0.813416 0.081028 
0.832580 0.166943 
0.810481 0.749027 
0.903350 0.605919 
0.682027 0.824844 
0.150413 0.994267 
0.639002 0.714155 
0.811272 0.048212 
0.304448 0.862213 
0.219552 0.003266 
0.897598 0.922663 
0.196218 0.831369 
0.820793 0.074947 
0.637760 0.824590 
0.880957 0.237003 
0.312428 0.976888 
0.562384 0.994968 
0.431322 0.224138 
0.085647 0.465287 
0.077281 0.864540 
0.318676 0.984490 
0.322721 0.966079 
0.883459 0.294652 
0.208325 0.325908 
0.528670 0.353296 
0.846220 0.417491 
0.776878 0.983532 
0.214511 0.285136 
0.276133 0.969077 
0.278585 0.185485 
0.440711 0.029632 
0.021616 0.303145 
0.951494 0.764790 
0.832038 0.070964 
0.699269 0.620255 
0.629726 0.801719 
0.498574 0.536898 
0.641445 0.766882 
0.992096 0.162651 
0.676494 0.841723 
0.837007 0.573809 
0.001453 0.423805 
0.896223 0.818211 
0.677244 0.447163 
0.465488 0.463133 
0.873984 0.048769 
0.663213 0.617737 
0.308227 0.372370 
0.427328 0.098715 
0.101242 0.580936 
0.783596 0.905220 
0.038520 0.402892 
0.410872 0.532200 
0.682153 0.938378 
0.324715 0.478341 
0.483079 0.104920 
0.396417 0.587955 
0.757833 0.894499 
0.840179 0.889799 
0.847124 0.607277 
0.498382 0.306298 
0.947104 0.979565 
0.556040 0.371323 
0.827725 0.576863 
0.343719 0.886222 
0.729095 0.902251 
0.128495 0.618782 
0.863172 0.339603 
0.700883 0.735776 
0.185887 0.202788 
0.257041 0.087257 
0.520928 0.237825 
0.129288 0.944983 
0.332715 0.945469 
0.498663 0.026702 
0.780183 0.529199 
0.255259 0.135663 
0.090326 0.113732 
0.487916 0.399734 
0.337046 0.728770 
0.438561 0.888601 
0.720488 0.243625 
0.605191 0.446438 
0.277617 0.901800 
0.551020 0.995377 
0.301434 0.199175 
0.527155 0.889491 
0.682557 0.741645 
0.835503 0.294792 
0.576507 0.345222 
0.143113 0.296715 
0.884588 0.277682 
0.007298 0.658209 
0.513953 0.008518 
0.169761 0.169101 
0.082666 0.360409 
0.396859 0.011133 
0.113744 0.697310 
0.693256 0.557441 
0.913050 0.625998 
0.141631 0.399195 
0.269125 0.180529 
0.154869 0.875700 
0.886835 0.028855 
0.972194 0.667479 
0.327847 0.128926 
0.854464 0.968293 
0.105710 0.672749 
0.898712 0.646586 
0.173638 0.338268 
0.276159 0.405241 
0.879519 0.070091 
0.012563 0.147773 
0.617070 0.099606 
0.082165 0.953488 
0.267129 0.641743 
0.773685 0.318994 
0.333446 0.218640 
0.690349 0.692072 
0.661363 0.521099 
0.109993 0.656008 
0.519754 0.510029 
0.062858 0.454617 
0.742228 0.627167 
0.799992 0.462369 
0.029073 0.627046 
0.762240 0.968470 
0.071333 0.892197 
0.156635 0.565126 
0.064609 0.885866 
0.751447 0.575809 
0.628693 0.445071 
0.304280 0.035391 
0.822777 0.405732 
0.139148 0.658648 
0.889790 0.692349 
0.315978 0.647530 
0.041289 0.942217 
0.842697 0.201710 
0.142682 0.062003 
0.090153 0.206635 
0.908048 0.558410 
0.204193 0.871201 
0.267758 0.212953 
0.100272 0.272973 
0.863687 0.983256 
0.585628 0.654952 
0.775137 0.724501 
0.694320 0.431608 
0.043585 0.529434 
0.200273 0.993919 
0.798269 0.509780 
0.870976 0.499909 
0.975607 0.030008 
0.339961 0.732579 
0.462182 0.896044 
0.814310 0.106475 
0.523609 0.289154 
0.807604 0.397006 
0.478263 0.165314 
0.429842 0.350293 
0.371992 0.074233 
0.641501 0.702924 
0.043096 0.314791 
0.690923 0.336085 
0.574651 0.156952 
0.900455 0.953240 
0.101270 0.050181 
0.394760 0.733523 
0.324480 0.528146 
0.546807 0.186254 
0.373982 0.512983 
0.706677 0.112401 
0.130499 0.294177 
0.236448 0.987207 
0.992325 0.998120 
0.400330 0.341971 
0.507159 0.813847 
0.329897 0.578874 
0.128019 0.607820 
0.624758 0.310278 
0.846948 0.650302 
0.628190 0.992255 
0.836961 0.796392 
0.958344 0.880336 
0.802669 0.450217 
0.804389 0.364300 
0.796568 0.913252 
0.024551 0.636906 
0.476726 0.337012 
0.156772 0.867776 
0.718023 0.816946 
0.417311 0.754099 
0.143617 0.770920 
0.844683 0.586027 
0.362542 0.236465 
0.265889 0.789885 
0.592433 0.014227 
0.117761 0.205865 
0.978541 0.344735 
0.965293 0.672657 
0.349795 0.002935 
0.324323 0.890659 
0.312203 0.192674 
0.279524 0.953975 
0.460884 0.076737 
0.720914 0.405410 
0.730516 0.787093 
0.674938 0.676480 
0.599082 0.770961 
0.542005 0.471413 
0.041144 0.504569 
0.293975 0.834427 
0.220693 0.181636 
0.748224 0.408201 
0.630144 0.824070 
0.146666 0.013133 
0.728016 0.760461 
0.063295 0.791353 
0.263269 0.769195 
0.862362 0.715874 
0.690786 0.037981 
0.344692 0.232564 
0.710318 0.312715 
0.801634 0.057254 
0.274758 0.854099 
0.841287 0.512120 
0.200979 0.845883 
0.757735 0.252315 
0.660706 0.491859 
0.665893 0.656152 
0.949192 0.075611 
0.800158 0.252618 
0.749764 0.280910 
0.248623 0.611185 
0.181483 0.191725 
0.326628 0.640438 
0.841177 0.663031 
0.557001 0.510040 
0.242966 0.533735 
0.487508 0.542653 
0.372426 0.370124 
0.666826 0.340775 
0.410428 0.056084 
0.604642 0.221167 
0.162145 0.173105 
0.377216 0.876415 
0.912223 0.734169 
0.173064 0.685483 
0.909010 0.735821 
0.942259 0.540785 
0.977799 0.870606 
0.277821 0.329429 
0.709178 0.146680 
0.254561 0.405704 
0.673440 0.502564 
0.595092 0.716249 
0.001516 0.481148 
0.651401 0.097240 
0.310067 0.300937 
0.851561 0.190783 
0.497233 0.993198 
0.673454 0.748406 
0.460093 0.790630 
0.119460 0.765609 
0.597362 0.862724 
0.808554 0.359637 
0.424809 0.758042 
0.404312 0.276650 
0.652590 0.085286 
0.402566 0.935083 
0.934885 0.618031 
0.245727 0.932154 
0.712994 0.293943 
0.295981 0.552406 
0.291074 0.077798 
0.555034 0.457083 
0.201519 0.933010 
0.099708 0.791468 
0.201031 0.736313 
0.206505 0.736637 
0.662166 0.018761 
0.309399 0.063273 
0.424625 0.665593 
0.615008 0.434480 
0.308663 0.701233 
0.621354 0.101789 
0.761580 0.870600 
0.172368 0.989271 
0.683066 0.294803 
0.748804 0.149628 
0.794281 0.479369 
0.755320 0.664169 
0.694524 0.864951 
0.224328 0.272623 
0.967997 0.120532 
0.784760 0.465422 
0.354755 0.360889 
0.467435 0.172880 
0.588808 0.089300 
0.866777 0.927260 
0.462424 0.958626 
0.633219 0.517568 
0.761939 0.901655 
0.112676 0.739792 
0.685277 0.457323 
0.230503 0.060195 
0.697153 0.044782 
0.643782 0.049598 
0.586754 0.577422 
0.734705 0.182819 
0.644882 0.533948 
0.060942 0.249804 
0.450882 0.975208 
0.326989 0.696702 
0.464700 0.218294 
0.871287 0.715832 
0.992204 0.975011 
0.013633 0.121789 
0.906706 0.015743 
0.599190 0.592627 
0.277573 0.166207 
0.445850 0.406749 
0.234185 0.939297 
0.772191 0.213058 
0.866684 0.351757 
0.984906 0.318031 
0.151112 0.743306 
0.745016 0.491099 
0.893117 0.618222 
0.462474 0.804610 
0.078891 0.919265 
0.089299 0.843416 
0.286963 0.980537 
0.887983 0.323016 
0.924397 0.333759 
0.490475 0.412904 
0.681498 0.931576 
0.999453 0.798945 
0.862445 0.114172 
0.889704 0.262871 
0.070512 0.091037 
0.053343 0.539071 
0.166273 0.549603 
0.181011 0.252774 
0.367403 0.935683 
0.027106 0.568908 
0.642777 0.157021 
0.057146 0.449101 
0.034259 0.787779 
0.195846 0.587507 
0.236488 0.660111 
0.479811 0.188117 
0.680022 0.136276 
0.399040 0.662905 
0.439389 0.804551 
0.088519 0.732940 
0.525012 0.879772 
0.322439 0.228222 
0.721113 0.745149 
0.719313 0.490628 
0.987083 0.906934 
0.833705 0.072994 
0.803769 0.947379 
0.605936 0.962594 
0.323011 0.845609 
0.142846 0.811696 
0.182026 0.313719 
0.669447 0.401301 
0.667840 0.385528 
0.560789 0.174290 
0.298253 0.742372 
0.053600 0.855063 
0.047225 0.705423 
0.051963 0.335655 
0.351969 0.536098 
0.194788 0.799242 
0.864716 0.280690 
0.565017 0.246591 
0.446907 0.168733 
0.902064 0.996046 
0.539842 0.122201 
0.834851 0.343479 
0.854162 0.907559 
0.351914 0.625680 
0.798507 0.498927 
0.470820 0.066264 
0.699749 0.687520 
0.150988 0.655732 
0.881558 0.349878 
0.391528 0.416384 
0.164950 0.311859 
0.419772 0.113158 
0.845007 0.033274 
0.241543 0.607977 
0.261509 0.180330 
0.813627 0.631648 
0.107078 0.655884 
0.450431 0.392693 
0.993248 0.525136 
0.953587 0.942465 
0.015286 0.915770 
0.342184 0.086588 
0.278943 0.202030 
0.509959 0.887885 
0.686483 0.715207 
0.482862 0.454639 
0.119725 0.220841 
0.667103 0.992832 
0.524002 0.904439 
0.912259 0.329223 
0.254172 0.869340 
0.995841 0.094416 
0.847114 0.437045 
0.419952 0.134935 
0.848085 0.759384 
0.974779 0.103876 
0.841269 0.200740 
0.838539 0.332534 
0.903586 0.575007 
0.150519 0.774758 
0.354267 0.169350 
0.257634 0.061956 
0.300379 0.465358 
0.263774 0.256298 
0.596731 0.261790 
0.901447 0.616644 
0.941366 0.543458 
0.902043 0.638318 
0.210621 0.914134 
0.854621 0.618592 
0.667674 0.592242 
0.803436 0.345562 
0.855619 0.385969 
0.987285 0.302224 
0.477721 0.063106 
0.614551 0.759684 
0.012863 0.187313 
0.166536 0.967463 
0.157813 0.367468 
0.028471 0.516927 
0.984441 0.502048 
0.913614 0.109374 
0.241818 0.235810 
0.265629 0.430214 
0.599085 0.825104 
0.520423 0.749032 
0.982756 0.188318 
0.053626 0.289082 
0.606804 0.554171 
0.953679 0.475573 
0.952606 0.442335 
0.316526 0.860724 
0.193953 0.771900 
0.319347 0.260825 
0.677869 0.937166 
0.955986 0.256289 
0.450456 0.820529 
0.637975 0.445679 
0.521699 0.196266 
0.638166 0.656760 
0.160796 0.503909 
0.200793 0.726598 
0.925355 0.439496 
0.605477 0.248948 
0.073630 0.506869 
0.948773 0.020805 
0.664859 0.281112 
0.641096 0.901598 
0.153679 0.888460 
0.342728 0.222058 
0.129834 0.115257 
0.132149 0.035565 
0.737990 0.390286 
0.543191 0.411687 
0.226984 0.923828 
0.776894 0.250458 
0.442313 0.960255 
0.997532 0.528476 
0.100594 0.689165 
0.800745 0.112849 
0.657525 0.024999 
0.166280 0.668885 
0.948440 0.433489 
0.654063 0.841149 
0.184065 0.575904 
0.219927 0.313543 
0.711573 0.404264 
0.459185 0.530619 
0.109383 0.396287 
0.397135 0.647873 
0.807867 0.826050 
0.422564 0.040013 
0.501949 0.255918 
0.222005 0.234129 
0.010018 0.369840 
0.903917 0.125969 
0.168289 0.427999 
0.381436 0.791225 
0.125966 0.114631 
0.604924 0.951347 
0.285921 0.473787 
0.930450 0.067035 
0.654848 0.029763 
0.219292 0.640206 
0.948388 0.556435 
0.003373 0.686322 
0.015681 0.548211 
0.777670 0.305671 
0.415942 0.731840 
0.034495 0.753807 
0.233063 0.095740 
0.108141 0.523204 
0.485401 0.141473 
0.733025 0.948527 
0.893444 0.107677 
0.724767 0.155624 
0.574673 0.523422 
0.157385 0.172452 
0.393698 0.876073 
0.158660 0.597677 
0.164847 0.582349 
0.541659 0.671033 
0.045604 0.465315 
0.545752 0.453462 
0.342052 0.864087 
0.704018 0.425054 
0.880096 0.778874 
0.532586 0.173273 
0.196024 0.578495 
0.769907 0.834883 
0.883428 0.777704 
0.874343 0.083166 
0.770156 0.011730 
0.154045 0.026501 
0.404599 0.097333 
0.879348 0.205913 
0.785925 0.046036 
0.721541 0.937567 
0.683541 0.270515 
0.541021 0.932581 
0.888022 0.981206 
0.120842 0.985750 
0.507920 0.604803 
0.930109 0.336755 
0.843276 0.947379 
0.600301 0.255387 
0.287179 0.617514 
0.550435 0.161082 
0.309902 0.531123 
0.576035 0.422416 
0.546344 0.405740 
0.265739 0.282371 
0.805876 0.358233 
0.826043 0.312369 
0.987956 0.579012 
0.462061 0.859302 
0.288786 0.621822 
0.954627 0.410522 
0.649995 0.459038 
0.045480 0.389363 
0.015909 0.386145 
0.935909 0.821596 
0.560885 0.793558 
0.335082 0.727929 
0.307245 0.863717 
0.483917 0.189474 
0.483018 0.082726 
0.377446 0.732428 
0.922752 0.698388 
0.799812 0.439520 
0.005318 0.383007 
0.193936 0.483459 
0.494165 0.426675 
0.127257 0.800632 
0.215174 0.426958 
0.891316 0.351492 
0.531295 0.476613 
0.431307 0.968435 
0.483033 0.328200 
0.060171 0.293359 
0.484140 0.942789 
0.454691 0.993907 
0.597163 0.514776 
0.836617 0.026119 
0.988675 0.654756 
0.481503 0.624815 
0.261738 0.027390 
0.344927 0.183378 
0.038075 0.924202 
0.057430 0.220838 
0.623690 0.352721 
0.181280 0.772158 
0.652393 0.762617 
0.297686 0.206755 
0.938678 0.352922 
0.561090 0.234429 
0.055177 0.363438 
0.296395 0.512412 
0.109145 0.402037 
0.034654 0.426849 
0.043839 0.804299 
0.850148 0.443771 
0.462777 0.900829 
0.225018 0.880866 
0.709202 0.557729 
0.750732 0.552831 
0.437019 0.970640 
0.550517 0.546537 
0.655311 0.807679 
0.656989 0.009852 
0.577345 0.431880 
0.613378 0.049318 
0.881087 0.429999 
0.989892 0.121799 
0.081250 0.571495 
0.109086 0.407869 
0.052502 0.393981 
0.634881 0.447665 
0.902627 0.460263 
0.635523 0.236988 
0.055833 0.378966 
0.286291 0.691743 
0.124676 0.428255 
0.680860 0.206680 
0.665319 0.023253 
0.819563 0.399315 
0.292883 0.484863 
0.090292 0.544113 
0.904619 0.933174 
0.863144 0.863697 
0.151061 0.887344 
0.588665 0.692615 
0.786839 0.398234 
0.115225 0.581979 
0.323672 0.950655 
0.661963 0.604703 
0.237766 0.131598 
0.770826 0.277452 
0.143952 0.396772 
0.547547 0.626597 
0.212823 0.908036 
0.354674 0.012492 
0.953453 0.687524 
0.216229 0.154734 
0.607524 0.657377 
0.539219 0.660161 
0.328871 0.328139 
0.034611 0.713138 
0.718325 0.888152 
0.168668 0.801090 
0.917699 0.761142 
0.514893 0.803728 
0.259942 0.852776 
0.613514 0.330023 
0.702543 0.643756 
0.600787 0.420755 
0.634616 0.984239 
0.112823 0.211383 
0.713386 0.884888 
0.318115 0.552071 
0.665073 0.875716 
0.157963 0.892450 
0.407371 0.684000 
0.983253 0.532018 
0.621103 0.878680 
0.971098 0.238743 
0.561182 0.787964 
0.306124 0.019893 
0.347582 0.809038 
0.507631 0.758356 
0.680952 0.763407 
0.583683 0.966681 
0.000004 0.064975 
0.026717 0.035385 
0.713395 0.033605 
0.799165 0.564404 
0.934879 0.518761 
0.820422 0.834247 
0.194721 0.674303 
0.017662 0.838494 
0.571005 0.882187 
0.910342 0.116733 
0.924256 0.968560 
0.587058 0.684089 
0.483779 0.877525 
0.562712 0.492523 
0.835225 0.626661 
0.284315 0.483535 
0.768125 0.884753 
0.050393 0.951806 
0.000545 0.165391 
0.719854 0.592375 
0.041644 0.916828 
0.132476 0.526647 
0.360142 0.907208 
0.438200 0.831430 
0.838581 0.038144 
0.087490 0.439646 
0.129113 0.003348 
0.276588 0.617858 
0.342778 0.067314 
0.342491 0.245660 
0.805047 0.429973 
0.549072 0.255882 
0.611478 0.102814 
0.994439 0.531699 
0.264493 0.338803 
0.264822 0.870301 
0.148113 0.333106 
0.512403 0.962862 
0.829239 0.015577 
0.797233 0.091405 
0.238147 0.539227 
0.783348 0.733656 
0.555910 0.187688 
0.469455 0.135918 
0.370411 0.499311 
0.926518 0.983881 
0.083842 0.128589 
0.198276 0.424962 
0.338912 0.094557 
0.221329 0.871994 
0.606099 0.697605 
0.649993 0.437108 
0.476598 0.183250 
0.878240 0.572346 
0.412269 0.002581 
0.381948 0.405029 
0.325588 0.155108 
0.902570 0.498817 
0.612863 0.389972 
0.263076 0.522152 
0.807128 0.401775 
0.630803 0.902687 
0.462672 0.126966 
0.922260 0.423380 
0.739501 0.797835 
0.213232 0.796477 
0.391211 0.081665 
0.536267 0.033670 
0.895749 0.850052 
0.818993 0.823346 
0.969125 0.081680 
0.804077 0.125243 
0.954269 0.398916 
0.581090 0.387743 
0.788847 0.153427 
0.647789 0.381449 
0.011859 0.307752 
0.384269 0.410793 
0.192537 0.964343 
0.708562 0.805683 
0.112012 0.582277 
0.336829 0.086237 
0.384279 0.570756 
0.693389 0.781523 
0.058609 0.035248 
0.418821 0.127188 
0.652777 0.225476 
0.572379 0.969718 
0.044617 0.882232 
0.677976 0.737607 
0.961073 0.749449 
0.996005 0.857962 
0.760871 0.965550 
0.992085 0.975836 
0.869491 0.542682 
0.858358 0.419852 
0.445676 0.468816 
0.395431 0.013004 
0.557818 0.252573 
0.996687 0.320321 
0.637706 0.919541 
0.719598 0.281939 
0.552522 0.240787 
0.903118 0.708505 
0.836598 0.708471 
0.264467 0.901544 
0.248599 0.200950 
0.365242 0.627552 
0.262663 0.580155 
0.657507 0.725383 
0.505137 0.830335 
0.445440 0.505339 
0.239533 0.832106 
0.206109 0.071599 
0.371792 0.703510 
0.894601 0.557918 
0.935078 0.858844 
0.596881 0.784416 
0.687472 0.346516 
0.886488 0.210490 
0.702817 0.247195 
0.601621 0.448849 
0.807612 0.542216 
0.030384 0.666462 
0.224389 0.313616 
0.940735 0.940043 
0.297458 0.368438 
0.335087 0.812337 
0.942290 0.067116 
0.025590 0.084129 
0.957843 0.458912 
0.933417 0.944165 
0.585635 0.768293 
0.705385 0.400777 
0.865530 0.966741 
0.010521 0.829566 
0.519103 0.564468 
0.020788 0.386866 
0.058877 0.540052 
0.648912 0.261406 
0.458161 0.317960 
0.947315 0.521498 
0.823594 0.138357 
0.366029 0.848896 
0.388920 0.585914 
0.460820 0.000862 
0.484254 0.852979 
0.014181 0.340501 
0.793511 0.547178 
0.424184 0.252643 
0.178985 0.207825 
0.911308 0.360370 
0.735085 0.570381 
0.394515 0.618105 
0.493962 0.025523 
0.961436 0.862133 
0.875443 0.571993 
0.483958 0.890356 
0.218097 0.561750 
0.331360 0.169608 
0.593725 0.731948 
0.850666 0.149848 
0.492921 0.528054 
0.007720 0.754065 
0.564951 0.129940 
0.898370 0.912573 
0.618542 0.832146 
0.881055 0.890449 
0.774778 0.690887 
0.741155 0.598147 
0.062781 0.152027 
0.118921 0.699762 
0.906635 0.814443 
0.337937 0.709302 
0.234223 0.591868 
0.524504 0.340428 
0.573334 0.016780 
0.020821 0.945176 
0.570069 0.156921 
0.373373 0.277822 
0.349636 0.339747 
0.119622 0.489202 
0.010711 0.026059 
0.971763 0.423791 
0.659569 0.378573 
0.683512 0.784474 
0.649764 0.575257 
0.338879 0.537460 
0.098493 0.373950 
0.972408 0.260112 
0.697192 0.707237 
0.528322 0.506489 
0.568521 0.127466 
0.316072 0.227314 
0.469977 0.898923 
0.206426 0.399651 
0.930279 0.205965 
0.648712 0.903338 
0.407865 0.986760 
0.476560 0.550175 
0.786557 0.657833 
0.203098 0.460747 
0.773366 0.966024 
0.958640 0.868840 
0.594218 0.015769 
0.022527 0.603125 
0.725056 0.010493 
0.358489 0.128097 
0.924520 0.410698 
0.594079 0.686492 
0.877557 0.102739 
0.731443 0.358062 
0.944413 0.756464 
0.886351 0.893689 
0.229082 0.181692 
0.696319 0.027394 
0.414480 0.159701 
0.102573 0.947924 
0.759869 0.111127 
0.709194 0.423460 
0.088439 0.387924 
0.835355 0.815915 
0.086717 0.449102 
0.052228 0.798540 
0.065666 0.648210 
0.470065 0.390402 
0.494250 0.861507 
0.344570 0.191166 
0.919810 0.242895 
0.335823 0.182117 
0.836433 0.924584 
0.483998 0.554807 
0.644773 0.697999 
0.268910 0.575297 
0.009685 0.772820 
0.786264 0.735407 
0.985094 0.470931 
0.938292 0.880984 
0.702563 0.969293 
0.915084 0.824132 
0.186853 0.437480 
0.720178 0.032194 
0.091285 0.218889 
0.869121 0.320985 
0.789069 0.879287 
0.184901 0.629160 
0.286913 0.142630 
0.189308 0.706011 
0.923973 0.207787 
0.282068 0.722203 
0.067180 0.099774 
0.908627 0.299524 
0.106819 0.302287 
0.530407 0.553300 
0.308413 0.495679 
0.870131 0.292670 
0.902640 0.666206 
0.920880 0.235436 
0.975404 0.616052 
0.978320 0.623774 
0.770836 0.433878 
0.189723 0.680347 
0.587734 0.045371 
0.550080 0.188780 
0.823770 0.109755 
0.660364 0.743547 
0.791257 0.659106 
0.600297 0.195077 
0.656984 0.922901 
0.192518 0.656751 
0.010413 0.005310 
0.244527 0.764313 
0.802888 0.138730 
0.643176 0.863414 
0.393192 0.382874 
0.956354 0.435215 
0.665733 0.978008 
0.375779 0.712383 
0.018264 0.967812 
0.010998 0.848464 
0.136835 0.777589 
0.945957 0.698319 
0.641188 0.453825 
0.437815 0.358827 
0.799342 0.546556 
0.962136 0.615125 
0.408040 0.929624 
0.184120 0.507821 
0.950512 0.261678 
0.017381 0.130291 
0.805338 0.321250 
0.246679 0.936516 
0.019026 0.774248 
0.792955 0.193673 
0.062053 0.930744 
0.022770 0.697678 
0.875830 0.069327 
0.182608 0.094763 
0.677868 0.930741 
0.963462 0.904320 
0.898698 0.418628 
0.872483 0.822049 
0.173767 0.493917 
0.255298 0.801554 
0.719955 0.281360 
0.817090 0.834595 
0.041496 0.425851 
0.285266 0.464699 
0.196153 0.750884 
0.108376 0.470981 
0.776497 0.578094 
0.032570 0.398422 
0.286211 0.352988 
0.665250 0.848656 
0.365243 0.641350 
0.163784 0.712338 
0.257690 0.994022 
0.530182 0.769994 
0.283936 0.104903 
0.103109 0.946269 
0.937173 0.063505 
0.322423 0.956373 
0.756042 0.794283 
0.506980 0.820637 
0.439746 0.812189 
0.467764 0.712337 
0.246029 0.002718 
0.678252 0.381297 
0.460752 0.855715 
0.006630 0.437841 
0.785528 0.371090 
0.904327 0.025978 
0.617676 0.281838 
0.849144 0.567349 
0.427164 0.341892 
0.178445 0.117403 
0.191927 0.711376 
0.103054 0.030920 
0.672085 0.731837 
0.978943 0.098587 
0.946486 0.597104 
0.526290 0.350899 
0.562716 0.559712 
0.087136 0.498352 
0.795698 0.290268 
0.532740 0.762784 
0.103987 0.711450 
0.339057 0.530726 
0.909409 0.429871 
0.843213 0.884965 
0.608636 0.344110 
0.449071 0.530569 
0.278809 0.948520 
0.782317 0.402623 
0.884797 0.782401 
0.812669 0.521936 
0.170880 0.972337 
0.064031 0.171644 
0.812662 0.404610 
0.287897 0.692952 
0.439903 0.457987 
0.395499 0.158769 
0.426927 0.360532 
0.458700 0.378344 
0.824666 0.157265 
0.156418 0.917161 
0.723102 0.177927 
0.421156 0.373245 
0.124435 0.384918 
0.313371 0.829074 
0.247664 0.485389 
0.935131 0.739240 
0.414207 0.582716 
0.699462 0.865819 
0.824318 0.306412 
0.873682 0.979184 
0.140179 0.981048 
0.474723 0.664966 
0.081669 0.619250 
0.728838 0.578980 
0.917400 0.750012 
0.447598 0.783191 
0.084273 0.383868 
0.674018 0.226797 
0.770709 0.306655 
0.955830 0.642563 
0.564577 0.844708 
0.005317 0.368004 
0.035996 0.988056 
0.261862 0.111881 
0.382496 0.616102 
0.831512 0.215748 
0.085035 0.178010 
0.810110 0.516044 
0.156571 0.482480 
0.047762 0.734831 
0.302748 0.285556 
0.347571 0.622176 
0.911402 0.925683 
0.950402 0.412847 
0.714151 0.729424 
0.426024 0.183989 
0.299134 0.539783 
0.128096 0.905001 
0.355454 0.114405 
0.813063 0.156067 
0.018528 0.402170 
0.269458 0.779177 
0.632381 0.432169 
0.469257 0.801509 
0.958848 0.363001 
0.955112 0.567916 
0.960425 0.863940 
0.243384 0.549848 
0.299982 0.801447 
0.914842 0.748214 
0.227553 0.474918 
0.942023 0.584321 
0.679759 0.712077 
0.876629 0.507900 
0.271713 0.681845 
0.774242 0.693662 
0.373755 0.697331 
0.036521 0.804829 
0.762481 0.020784 
0.312664 0.949107 
0.645992 0.187011 
0.095229 0.506116 
0.287953 0.630934 
0.112275 0.000247 
0.155160 0.779405 
0.466449 0.610741 
0.716152 0.373287 
0.833551 0.497750 
0.689194 0.282927 
0.155977 0.501426 
0.459627 0.955777 
0.744355 0.367245 
0.288696 0.105627 
0.270467 0.747059 
0.818587 0.994901 
0.301272 0.482908 
0.233175 0.972738 
0.815871 0.347626 
0.546541 0.708021 
0.714682 0.658834 
0.018490 0.764689 
0.122000 0.458869 
0.203186 0.942380 
0.586653 0.876384 
0.391065 0.632856 
0.414659 0.173198 
0.938671 0.243603 
0.241265 0.939289 
0.630135 0.670665 
0.874480 0.393213 
0.726780 0.989840 
0.244283 0.669830 
0.835954 0.880344 
0.946909 0.691653 
0.610477 0.286232 
0.696753 0.331056 
0.056828 0.113638 
0.909486 0.727084 
0.100060 0.711514 
0.409352 0.980943 
0.715245 0.128662 
0.426766 0.648491 
0.195126 0.488465 
0.629051 0.457554 
0.105416 0.734483 
0.448225 0.311598 
0.030697 0.932340 
0.846688 0.287391 
0.178199 0.982529 
0.358468 0.773922 
0.313456 0.247447 
0.841009 0.837931 
0.098539 0.145677 
0.387546 0.478512 
0.352101 0.753449 
0.217849 0.387916 
0.702792 0.828860 
0.643769 0.833167 
0.040761 0.067842 
0.223957 0.037636 
0.547543 0.562131 
0.736062 0.986997 
0.453538 0.608757 
0.386635 0.181020 
0.407556 0.790239 
0.542140 0.750765 
0.106563 0.998605 
0.558396 0.964651 
0.894119 0.455662 
0.308365 0.693437 
0.589157 0.969118 
0.970867 0.360535 
0.509486 0.927051 
0.947601 0.337971 
0.283022 0.743321 
0.995617 0.331075 
0.375534 0.595447 
0.669416 0.877756 
0.447502 0.167499 
0.160214 0.709944 
0.023484 0.692771 
0.398365 0.321995 
0.765951 0.333950 
0.693753 0.908827 
0.650635 0.220021 
0.900355 0.261194 
0.894549 0.690733 
0.153539 0.522329 
0.786314 0.576209 
0.352750 0.661905 
0.639265 0.130834 
0.925868 0.066503 
0.709347 0.995604 
0.114050 0.832669 
0.659862 0.301258 
0.242263 0.709265 
0.620292 0.241615 
0.820610 0.989479 
0.180162 0.982368 
0.652947 0.081326 
0.842810 0.107392 
0.936406 0.179931 
0.104026 0.365108 
0.375123 0.687236 
0.368427 0.149540 
0.314455 0.051311 
0.389789 0.179925 
0.999740 0.624081 
0.934204 0.174228 
0.244988 0.518382 
0.444944 0.178959 
0.765181 0.397087 
0.834557 0.400923 
0.320968 0.500855 
0.868701 0.263306 
0.379401 0.600628 
0.751635 0.724272 
0.833947 0.154531 
0.207201 0.434563 
0.694885 0.937344 
0.947232 0.130455 
0.560205 0.359601 
0.808881 0.865652 
0.021061 0.969918 
0.403773 0.216281 
0.038315 0.960730 
0.987042 0.221813 
0.015731 0.383089 
0.571221 0.503416 
0.918765 0.676891 
0.505696 0.238242 
0.126735 0.039833 
0.472815 0.607320 
0.226892 0.369769 
0.712915 0.968445 
0.661568 0.968223 
0.928781 0.020168 
0.970360 0.839748 
0.636476 0.255828 
0.706773 0.729118 
0.286009 0.952399 
0.970150 0.313741 
0.048322 0.145625 
0.521487 0.638414 
0.822752 0.988501 
0.728124 0.583316 
0.792607 0.338156 
0.382796 0.651995 
0.084368 0.971526 
0.429721 0.322457 
0.536471 0.468437 
0.016369 0.113409 
0.061041 0.913596 
0.806188 0.599443 
0.841234 0.618169 
0.560203 0.339166 
0.363716 0.980156 
0.485566 0.914661 
0.701338 0.382788 
0.522539 0.317814 
0.503891 0.897889 
0.819583 0.732570 
0.303440 0.915087 
0.871560 0.305849 
0.405732 0.139977 
0.601653 0.983954 
0.309263 0.789305 
0.857204 0.028018 
0.901877 0.848116 
0.279157 0.793903 
0.120139 0.172480 
0.871278 0.574981 
0.706631 0.346028 
0.687208 0.909817 
0.298230 0.353785 
0.070881 0.295211 
0.609525 0.279319 
0.509402 0.523415 
0.039911 0.790252 
0.757811 0.537593 
0.322426 0.020291 
0.025158 0.822949 
0.302608 0.930665 
0.679421 0.025570 
0.755907 0.526083 
0.882910 0.064185 
0.751763 0.875279 
0.811178 0.476889 
0.068109 0.714860 
0.656615 0.726709 
0.804881 0.633932 
0.490418 0.454080 
0.723997 0.212343 
0.854490 0.419155 
0.734610 0.584150 
0.815511 0.301599 
0.974444 0.484519 
0.314768 0.312588 
0.667868 0.857771 
0.550925 0.399432 
0.247214 0.917478 
0.050903 0.527206 
0.744241 0.450552 
0.421304 0.851011 
0.935859 0.985082 
0.275937 0.674301 
0.974382 0.434526 
0.073573 0.546957 
0.707519 0.272432 
0.767528 0.846676 
0.077934 0.832374 
0.717291 0.504987 
0.324348 0.308752 
0.192383 0.384591 
0.828221 0.912565 
0.479577 0.247180 
0.352954 0.098706 
0.959710 0.851575 
0.416950 0.676235 
0.475798 0.744967 
0.656033 0.942660 
0.285949 0.952048 
0.073145 0.352669 
0.305760 0.902874 
0.596209 0.489659 
0.692371 0.680499 
0.151551 0.114775 
0.030762 0.009546 
0.444773 0.292727 
0.865056 0.999552 
0.462956 0.900809 
0.895356 0.246153 
0.101820 0.296872 
0.529158 0.553985 
0.823694 0.831036 
0.227311 0.412375 
0.780803 0.951255 
0.734680 0.763412 
0.666353 0.400337 
0.459022 0.786318 
0.647046 0.901270 
0.645676 0.881609 
0.207100 0.725464 
0.867324 0.113899 
0.307373 0.019451 
0.909972 0.897446 
0.368606 0.154435 
0.590524 0.936742 
0.814690 0.496893 
0.284534 0.169254 
0.647922 0.632767 
0.908920 0.223524 
0.763918 0.168772 
0.554157 0.724554 
0.575287 0.851193 
0.001072 0.022884 
0.611585 0.915769 
0.328449 0.237769 
0.191603 0.271048 
0.503458 0.614513 
0.123181 0.307629 
0.317669 0.068607 
0.073579 0.645108 
0.322920 0.318778 
0.698833 0.280600 
0.045089 0.818906 
0.359705 0.561213 
0.307956 0.808306 
0.193105 0.520997 
0.397059 0.374930 
0.449701 0.131606 
0.895907 0.514383 
0.228211 0.543180 
0.233536 0.032313 
0.079879 0.523941 
0.869832 0.274355 
0.083656 0.999982 
0.704390 0.686204 
0.031375 0.325867 
0.848676 0.692573 
0.077801 0.600779 
0.295455 0.714627 
0.743031 0.124211 
0.607912 0.176813 
0.700583 0.693998 
0.016614 0.231809 
0.007455 0.301847 
0.137259 0.907881 
0.763223 0.483158 
0.430379 0.373142 
0.394111 0.826875 
0.288292 0.330057 
0.271912 0.017843 
0.887976 0.217853 
0.451137 0.265045 
0.608652 0.619535 
0.526911 0.793068 
0.094252 0.093139 
0.394002 0.996757 
0.491913 0.581515 
0.525063 0.727047 
0.471845 0.304797 
0.725745 0.593504 
0.021866 0.493735 
0.202467 0.856533 
0.751926 0.624401 
0.300793 0.424784 
0.348049 0.665743 
0.136241 0.806779 
0.540787 0.006632 
0.455818 0.927827 
0.996515 0.423680 
0.792323 0.566927 
0.343321 0.201399 
0.911193 0.416746 
0.246164 0.277851 
0.844803 0.604065 
0.512752 0.824398 
0.661055 0.354819 
0.437586 0.515563 
0.063870 0.463407 
0.476453 0.738918 
0.996247 0.918118 
0.803067 0.138993 
0.048874 0.430493 
0.297216 0.301637 
0.617310 0.129975 
0.491539 0.293074 
0.701516 0.384295 
0.842746 0.026140 
0.333285 0.526643 
0.295050 0.907424 
0.068736 0.238282 
0.813468 0.954591 
0.817417 0.321796 
0.420906 0.162533 
0.689810 0.631892 
0.203994 0.531071 
0.702072 0.729152 
0.855620 0.404158 
0.681105 0.328993 
0.380628 0.214165 
0.475700 0.091372 
0.694465 0.872160 
0.392826 0.226292 
0.281462 0.530932 
0.374056 0.761766 
0.007690 0.253216 
0.804199 0.167346 
0.583178 0.473215 
0.325413 0.211932 
0.933499 0.316957 
0.102902 0.475438 
0.690425 0.970823 
0.620567 0.874692 
0.955048 0.494928 
0.261208 0.129873 
0.768947 0.694366 
0.214496 0.031608 
0.241024 0.890270 
0.766212 0.723596 
0.476829 0.066334 
0.877978 0.175374 
0.509823 0.598492 
0.858082 0.779542 
0.770321 0.784050 
0.521663 0.588572 
0.123530 0.170307 
0.354003 0.726226 
0.676852 0.853282 
0.116684 0.111472 
0.506186 0.463137 
0.950588 0.540640 
0.528106 0.885228 
0.033947 0.544886 
0.900031 0.826564 
0.054463 0.355001 
0.501931 0.952670 
0.527328 0.794710 
0.693356 0.237692 
0.892324 0.288225 
0.197104 0.730162 
0.835797 0.236229 
0.299798 0.700365 
0.039357 0.473374 
0.992530 0.448602 
0.648829 0.860815 
0.718671 0.700710 
0.837006 0.562226 
0.325527 0.127928 
0.094028 0.322700 
0.617649 0.821131 
0.745707 0.104452 
0.528498 0.465694 
0.926982 0.789025 
0.141503 0.249150 
0.471042 0.797626 
0.707927 0.125772 
0.857085 0.025978 
0.614906 0.717461 
0.364860 0.205202 
0.827562 0.830340 
0.524650 0.799293 
0.720999 0.830091 
0.343319 0.157524 
0.510352 0.493310 
0.053524 0.584718 
0.359604 0.871946 
0.797149 0.688747 
0.772681 0.442172 
0.589405 0.123832 
0.252618 0.757481 
0.977169 0.275471 
0.840215 0.489980 
0.085483 0.712620 
0.001049 0.627433 
0.270226 0.690049 
0.654583 0.574798 
0.621836 0.200680 
0.827044 0.125719 
0.960535 0.714657 
0.247221 0.051598 
0.213978 0.335612 
0.631551 0.482699 
0.724880 0.054599 
0.640512 0.087589 
0.108095 0.749403 
0.212750 0.687662 
0.535831 0.718997 
0.179732 0.759427 
0.691345 0.440683 
0.553358 0.289519 
0.941262 0.797716 
0.214558 0.070754 
0.170845 0.386924 
0.037478 0.893543 
0.782794 0.415252 
0.140760 0.755659 
0.359082 0.086831 
0.366883 0.203373 
0.082296 0.152643 
0.464833 0.448042 
0.250204 0.183336 
0.332089 0.426484 
0.923736 0.227038 
0.822272 0.920359 
0.474630 0.101508 
0.040808 0.855245 
0.109284 0.733497 
0.878666 0.741120 
0.000839 0.098789 
0.353837 0.940852 
0.904203 0.941534 
0.369333 0.382746 
0.807608 0.472405 
0.713314 0.666988 
0.065213 0.029858 
0.824793 0.302066 
0.824183 0.044498 
0.874456 0.973805 
0.748251 0.856229 
0.642364 0.206345 
0.032118 0.806406 
0.265596 0.876561 
0.352876 0.793401 
0.692790 0.729123 
0.371997 0.158077 
0.805825 0.502741 
0.561959 0.850205 
0.400686 0.325058 
0.252363 0.459348 
0.265450 0.410996 
0.608864 0.181934 
0.765780 0.468019 
0.002651 0.551497 
0.017476 0.718121 
0.454872 0.040227 
0.102744 0.819176 
0.896667 0.280075 
0.224443 0.207082 
0.426168 0.599230 
0.255168 0.609028 
0.934758 0.472768 
0.817232 0.224103 
0.501283 0.064797 
0.050294 0.293790 
0.720127 0.177884 
0.689406 0.853129 
0.538021 0.514883 
0.642208 0.583071 
0.670137 0.992091 
0.079778 0.822856 
0.736966 0.190760 
0.101532 0.442629 
0.268364 0.397736 
0.748570 0.214169 
0.543664 0.365525 
0.371083 0.789906 
0.943516 0.667866 
0.816909 0.792133 
0.384044 0.634875 
0.339731 0.864991 
0.907264 0.391554 
0.844017 0.389694 
0.586664 0.062981 
0.515010 0.774948 
0.551104 0.409672 
0.363591 0.881343 
0.733844 0.724197 
0.578160 0.127197 
0.799623 0.268995 
0.995039 0.622143 
0.356293 0.213445 
0.376110 0.276290 
0.599535 0.392256 
0.645485 0.667351 
0.163661 0.642059 
0.092744 0.740563 
0.645385 0.983750 
0.886213 0.580754 
0.735014 0.385218 
0.364181 0.792955 
0.187185 0.017227 
0.533932 0.801811 
0.033638 0.358664 
0.069340 0.403758 
0.958042 0.817457 
0.007519 0.367289 
0.034048 0.238418 
0.098932 0.751023 
0.439209 0.791970 
0.642342 0.843084 
0.705681 0.385376 
0.019723 0.485236 
0.362243 0.217540 
0.186957 0.186446 
0.601232 0.909151 
0.094916 0.246201 
0.897449 0.428415 
0.366212 0.926396 
0.941050 0.221918 
0.782995 0.799491 
0.053420 0.831056 
0.555877 0.631796 
0.603439 0.001093 
0.368841 0.107972 
0.693431 0.498880 
0.680732 0.063475 
0.831263 0.039402 
0.232837 0.287953 
0.633462 0.598980 
0.060766 0.299153 
0.863223 0.190266 
0.806152 0.989456 
0.786026 0.739357 
0.368921 0.460682 
0.684734 0.322768 
0.769534 0.552790 
0.737028 0.230869 
0.210500 0.878738 
0.953597 0.098054 
0.986515 0.349575 
0.306807 0.499267 
0.187568 0.449000 
0.340531 0.300433 
0.381254 0.736507 
0.480338 0.045720 
0.413282 0.038145 
0.106946 0.442587 
0.563944 0.207576 
0.735940 0.950395 
0.295694 0.725000 
0.073356 0.892199 
0.191212 0.699074 
0.328923 0.202149 
0.517102 0.937495 
0.471808 0.669390 
0.435801 0.508606 
0.134955 0.187264 
0.344047 0.398232 
0.083293 0.907804 
0.453957 0.658117 
0.971634 0.251222 
0.295732 0.363553 
0.241490 0.730437 
0.455476 0.177974 
0.208935 0.572386 
0.089352 0.731247 
0.065187 0.603892 
0.617598 0.971195 
0.873453 0.122067 
0.582821 0.476479 
0.178306 0.790749 
0.112116 0.338773 
0.757235 0.855513 
0.609337 0.120150 
0.360454 0.145874 
0.703610 0.565499 
0.349536 0.648946 
0.827409 0.271000 
0.694861 0.524856 
0.248108 0.951949 
0.405002 0.862353 
0.564966 0.379155 
0.456158 0.652848 
0.414693 0.739287 
0.198425 0.932163 
0.863957 0.526338 
0.167041 0.454801 
0.838316 0.581543 
0.998636 0.078607 
0.149891 0.224280 
0.471281 0.813869 
0.691593 0.597753 
0.427984 0.123666 
0.462635 0.509074 
0.013886 0.383192 
0.311586 0.824441 
0.385472 0.624027 
0.021814 0.630424 
0.532132 0.544652 
0.973174 0.135976 
0.350867 0.027259 
0.138861 0.837808 
0.032276 0.459616 
0.759617 0.881233 
0.875450 0.681789 
0.827588 0.277421 
0.620798 0.753324 
0.109785 0.158528 
0.386838 0.581226 
0.657304 0.300493 
0.385205 0.140895 
0.019859 0.767343 
0.728963 0.684649 
0.896225 0.850738 
0.348292 0.742882 
0.615437 0.643772 
0.868362 0.566194 
0.024976 0.773600 
0.891903 0.207004 
0.121770 0.590693 
0.782934 0.767491 
0.217600 0.202061 
0.032182 0.878337 
0.207212 0.603910 
0.909545 0.725306 
0.218787 0.147938 
0.399078 0.311006 
0.083625 0.481282 
0.905943 0.187870 
0.535232 0.644440 
0.109643 0.763589 
0.639826 0.552186 
0.589084 0.730940 
0.903556 0.064932 
0.306715 0.953489 
0.290569 0.597418 
0.811625 0.976139 
0.971322 0.001404 
0.588974 0.891899 
0.154098 0.926322 
0.698715 0.308042 
0.260966 0.053500 
0.180455 0.906696 
0.834633 0.683235 
0.129866 0.654870 
0.399566 0.511320 
0.747285 0.625771 
0.341170 0.043886 
0.591483 0.052418 
0.982683 0.951696 
0.162335 0.358938 
0.675409 0.601289 
0.869524 0.096899 
0.575287 0.855138 
0.296118 0.847966 
0.771252 0.430457 
0.683879 0.948256 
0.339420 0.636437 
0.588677 0.899560 
0.909033 0.114163 
0.742013 0.013271 
0.042477 0.904397 
0.202806 0.560266 
0.387320 0.693531 
0.178537 0.663134 
0.299698 0.029326 
0.880059 0.158611 
0.768262 0.184673 
0.797119 0.176629 
0.597513 0.407914 
0.818022 0.499652 
0.658261 0.393019 
0.464420 0.515155 
0.210569 0.031539 
0.075177 0.495197 
0.774996 0.365344 
0.338075 0.030102 
0.923768 0.771690 
0.800024 0.005941 
0.854611 0.439094 
0.848503 0.784177 
0.662660 0.328972 
0.026680 0.417696 
0.225004 0.639156 
0.296153 0.442958 
0.800058 0.569471 
0.101508 0.044713 
0.492602 0.156340 
0.599913 0.729518 
0.001754 0.476102 
0.852283 0.322744 
0.352607 0.271740 
0.130304 0.021041 
0.634229 0.484964 
0.792802 0.616857 
0.508383 0.389622 
0.384135 0.150295 
0.001650 0.723528 
0.332309 0.111734 
0.911265 0.638732 
0.161791 0.226043 
0.100451 0.282212 
0.143228 0.229640 
0.561353 0.657737 
0.582280 0.379436 
0.177956 0.899653 
0.462074 0.078229 
0.795333 0.169499 
0.774767 0.508455 
0.595314 0.438087 
0.928205 0.347723 
0.180287 0.089758 
0.570085 0.415223 
0.646533 0.275875 
0.638590 0.789650 
0.648608 0.149715 
0.261827 0.524637 
0.576101 0.526357 
0.477513 0.558857 
0.701448 0.232277 
0.874944 0.189529 
0.409817 0.787598 
0.159700 0.081051 
0.219007 0.845233 
0.823264 0.599291 
0.285697 0.715744 
0.509952 0.770239 
0.410451 0.456004 
0.054079 0.897526 
0.725236 0.046170 
0.972679 0.809259 
0.220390 0.101211 
0.045354 0.258140 
0.566207 0.234042 
0.542534 0.376874 
0.127978 0.932983 
0.647438 0.485767 
0.280672 0.262489 
0.653390 0.523178 
0.047884 0.784502 
0.128698 0.030202 
0.606571 0.632284 
0.789587 0.581357 
0.867697 0.386460 
0.240747 0.239004 
0.937954 0.191378 
0.492876 0.767769 
0.900829 0.230645 
0.456535 0.989429 
0.327174 0.810376 
0.984486 0.262098 
0.074372 0.964633 
0.590730 0.393304 
0.268050 0.121073 
0.867199 0.016260 
0.286319 0.169785 
0.584313 0.556940 
0.489568 0.162308 
0.911380 0.555456 
0.555334 0.503080 
0.269660 0.175258 
0.561715 0.738419 
0.603702 0.423305 
0.480653 0.339226 
0.363973 0.298708 
0.379375 0.153421 
0.550882 0.680556 
0.106759 0.301818 
0.660335 0.258148 
0.686099 0.261418 
0.660465 0.438245 
0.589288 0.168758 
0.323914 0.014364 
0.422313 0.822962 
0.521715 0.462581 
0.606021 0.394663 
0.107485 0.507464 
0.943985 0.560798 
0.333940 0.537594 
0.335340 0.057641 
0.773939 0.595667 
0.368550 0.213322 
0.303038 0.152353 
0.594976 0.769362 
0.661338 0.101199 
0.844584 0.919261 
0.022876 0.482208 
0.464593 0.416868 
0.292439 0.016401 
0.656739 0.808907 
0.301879 0.674296 
0.899366 0.644826 
0.596560 0.385443 
0.133548 0.548631 
0.844882 0.928364 
0.021884 0.800967 
0.849878 0.899061 
0.521505 0.935072 
0.762611 0.208238 
0.861375 0.125450 
0.440564 0.564333 
0.749889 0.382258 
0.618589 0.617773 
0.907304 0.063901 
0.992321 0.931713 
0.302197 0.030812 
0.860789 0.283838 
0.461201 0.405305 
0.960896 0.777816 
0.755536 0.295151 
0.599031 0.909340 
0.283832 0.370282 
0.330820 0.093868 
0.639234 0.598539 
0.646283 0.081724 
0.537925 0.897486 
0.042910 0.187186 
0.033874 0.314808 
0.974331 0.582469 
0.554578 0.795530 
0.467657 0.903295 
0.680913 0.099308 
0.076208 0.832671 
0.701710 0.633811 
0.463920 0.111521 
0.326710 0.016384 
0.368173 0.879120 
0.378044 0.785282 
0.238555 0.400667 
0.014516 0.964467 
0.795769 0.486865 
0.739783 0.527310 
0.498607 0.092680 
0.665932 0.323233 
0.572565 0.095249 
0.844152 0.668099 
0.736011 0.128773 
0.282766 0.440336 
0.730469 0.991300 
0.781101 0.971714 
0.595018 0.465494 
0.552980 0.927792 
0.397868 0.966727 
0.785623 0.959686 
0.444564 0.794277 
0.421454 0.375688 
0.184785 0.683548 
0.387394 0.926349 
0.142463 0.369092 
0.327129 0.057330 
0.550049 0.673601 
0.217328 0.633817 
0.556780 0.807377 
0.583858 0.900199 
0.651445 0.829866 
0.562415 0.515148 
0.090411 0.531878 
0.266665 0.839722 
0.199600 0.684956 
0.062082 0.420104 
0.686049 0.431659 
0.892628 0.406381 
0.043652 0.653481 
0.052020 0.297109 
0.506166 0.138719 
0.446194 0.188824 
0.562838 0.617703 
0.737755 0.451455 
0.599788 0.631949 
0.164540 0.426885 
0.654476 0.777143 
0.444202 0.703014 
0.560942 0.753423 
0.787109 0.942670 
0.452675 0.101549 
0.733324 0.976429 
0.846218 0.390420 
0.787669 0.344722 
0.743705 0.443262 
0.896308 0.241750 
0.085530 0.499217 
0.337984 0.495946 
0.360385 0.994012 
0.366564 0.840995 
0.599070 0.565245 
0.071243 0.385519 
0.422426 0.717734 
0.951762 0.266690 
0.261610 0.875608 
0.345455 0.056094 
0.770804 0.899948 
0.418741 0.774056 
0.558434 0.598900 
0.716470 0.710973 
0.315056 0.150356 
0.041617 0.464816 
0.167522 0.541264 
0.021773 0.935411 
0.450394 0.769620 
0.006859 0.274225 
0.899285 0.277161 
0.236544 0.599784 
0.564345 0.941126 
0.508112 0.834636 
0.733746 0.074750 
0.331619 0.527518 
0.991070 0.909874 
0.251725 0.734053 
0.222889 0.099433 
0.174826 0.295948 
0.002040 0.290736 
0.400331 0.360457 
0.199414 0.553618 
0.661509 0.975088 
0.309617 0.727203 
0.103219 0.808389 
0.591568 0.482209 
0.489661 0.732403 
0.496286 0.072774 
0.110200 0.135181 
0.985784 0.077985 
0.685754 0.466172 
0.953714 0.076082 
0.715552 0.283101 
0.082499 0.558084 
0.713361 0.458257 
0.930207 0.994748 
0.729081 0.668070 
0.254798 0.396331 
0.133925 0.878325 
0.004109 0.066770 
0.195829 0.295733 
0.376209 0.938094 
0.544243 0.092739 
0.662597 0.265939 
0.643530 0.813599 
0.153535 0.463600 
0.726752 0.513872 
0.642160 0.776556 
0.569531 0.108034 
0.725033 0.626273 
0.773856 0.196014 
0.413594 0.268711 
0.230745 0.125149 
0.372012 0.404287 
0.853102 0.090572 
0.236459 0.174727 
0.637728 0.301640 
0.657491 0.444979 
0.769263 0.002852 
0.928513 0.520757 
0.369805 0.317596 
0.841033 0.239971 
0.194716 0.591078 
0.244822 0.731498 
0.285502 0.435384 
0.498355 0.844284 
0.876857 0.330580 
0.062803 0.522997 
0.010079 0.392034 
0.922888 0.981496 
0.003369 0.624110 
0.421803 0.241505 
0.967772 0.338901 
0.909370 0.774186 
0.738860 0.026677 
0.359234 0.637726 
0.267399 0.179668 
0.671695 0.174936 
0.146188 0.982073 
0.700561 0.336669 
0.395821 0.559613 
0.418382 0.748088 
0.117689 0.991839 
0.836845 0.847156 
0.156829 0.818790 
0.400812 0.442068 
0.829442 0.432186 
0.750184 0.350414 
0.411888 0.609486 
0.635099 0.107909 
0.626924 0.712952 
0.587871 0.351348 
0.107054 0.252122 
0.415941 0.714121 
0.232942 0.063357 
0.849165 0.910715 
0.384543 0.014193 
0.535682 0.214410 
0.588308 0.699824 
0.934777 0.802133 
0.453509 0.118482 
0.333435 0.041217 
0.728692 0.119418 
0.062872 0.687827 
0.305239 0.154558 
0.656623 0.860509 
0.574907 0.462520 
0.573073 0.642771 
0.050246 0.487102 
0.725690 0.670509 
0.244359 0.935667 
0.757808 0.485156 
0.019246 0.464632 
0.069274 0.282458 
0.276059 0.731736 
0.285818 0.739651 
0.313504 0.062164 
0.793217 0.596366 
0.118622 0.682324 
0.819883 0.776015 
0.490262 0.830000 
0.813624 0.570681 
0.427708 0.490425 
0.565903 0.135914 
0.301187 0.047575 
0.597443 0.223464 
0.757627 0.434586 
0.088646 0.866541 
0.962202 0.735893 
0.145453 0.634183 
0.717612 0.907288 
0.781831 0.238898 
0.160296 0.092793 
0.566809 0.352755 
0.748825 0.497940 
0.883542 0.694233 
0.979441 0.470070 
0.473112 0.585595 
0.098552 0.359164 
0.475331 0.880491 
0.410399 0.578151 
0.986534 0.670957 
0.774539 0.676218 
0.196585 0.002837 
0.680558 0.140553 
0.281988 0.364117 
0.709417 0.175030 
0.727185 0.799118 
0.776093 0.791169 
0.172683 0.285884 
0.854259 0.530678 
0.105335 0.369055 
0.708016 0.629061 
0.635431 0.696265 
0.132245 0.648423 
0.045370 0.535084 
0.162378 0.083973 
0.336103 0.878337 
0.217746 0.653772 
0.954309 0.068384 
0.323488 0.867003 
0.721132 0.062915 
0.416587 0.577920 
0.099740 0.322307 
0.014588 0.178501 
0.069003 0.740049 
0.006897 0.913945 
0.666550 0.700591 
0.839678 0.461003 
0.069276 0.321011 
0.231204 0.843553 
0.596368 0.151062 
0.906456 0.803944 
0.880812 0.810461 
0.415828 0.813558 
0.464932 0.111310 
0.792478 0.182014 
0.116776 0.652546 
0.348973 0.195920 
0.830765 0.671824 
0.343568 0.346518 
0.927616 0.441567 
0.408785 0.453638 
0.293454 0.079373 
0.027071 0.976304 
0.732997 0.477630 
0.527807 0.846651 
0.663629 0.616484 
0.238350 0.942954 
0.225101 0.266305 
0.791535 0.323075 
0.914385 0.074733 
0.030101 0.902692 
0.540427 0.954891 
0.861136 0.112440 
0.782005 0.157351 
0.601494 0.317439 
0.201003 0.255586 
0.629407 0.435327 
0.536462 0.323970 
0.960338 0.394766 
0.838256 0.563161 
0.038567 0.202872 
0.677425 0.485813 
