3000
0.245537 0.744857 
0.817235 0.270874 
0.571105 0.562203 
0.943483 0.110800 
0.220225 0.316510 
0.584954 0.328450 
0.262767 0.323298 
0.674447 0.431979 
0.273069 0.478822 
0.568133 0.611575 
0.741327 0.482689 
0.550743 0.338813 
0.422093 0.122154 
0.037062 0.907507 
0.470039 0.947712 
0.190802 0.802062 
0.258508 0.745149 
0.712394 0.211223 
0.031978 0.460217 
0.867467 0.513073 
0.216328 0.830970 
0.107913 0.694074 
0.307174 0.681536 
0.569480 0.249951 
0.921941 0.058748 
0.373392 0.596105 
0.728405 0.296990 
0.503187 0.067213 
0.642901 0.236511 
0.042069 0.050024 
0.750261 0.641061 
0.308531 0.483169 
0.628354 0.753031 
0.186341 0.840612 
0.168330 0.121635 
0.312523 0.579721 
0.369858 0.209348 
0.519690 0.421593 
0.708048 0.155643 
0.892431 0.089159 
0.489072 0.826458 
0.276304 0.837997 
0.217123 0.184047 
0.278220 0.048617 
0.109508 0.495155 
0.069621 0.127574 
0.141596 0.811012 
0.678195 0.418145 
0.762854 0.286739 
0.228145 0.437768 
0.573263 0.825395 
0.417946 0.413794 
0.636437 0.598672 
0.873316 0.817029 
0.810382 0.085775 
0.624152 0.118452 
0.814641 0.664316 
0.163094 0.119473 
0.988238 0.321283 
0.811720 0.570206 
0.456473 0.937823 
0.989194 0.390048 
0.542210 0.926708 
0.185382 0.720686 
0.575318 0.373141 
0.387701 0.097427 
0.447534 0.695599 
0.935544 0.690269 
0.358436 0.227650 
0.107381 0.751563 
0.520451 0.217526 
0.966293 0.478510 
0.309173 0.268681 
0.722657 0.691942 
0.474495 0.837723 
0.604050 0.260195 
0.099975 0.277308 
0.715062 0.038835 
0.702620 0.934105 
0.498993 0.581436 
0.199166 0.384206 
0.351791 0.551347 
0.496986 0.841911 
0.005254 0.306591 
0.881168 0.794260 
0.130970 0.219143 
0.137647 0.425251 
0.198610 0.037189 
0.034487 0.626261 
0.561730 0.995805 
0.486941 0.015536 
0.107542 0.455362 
0.274734 0.455001 
0.203319 0.174320 
0.796151 0.913379 
0.152987 0.259156 
0.633334 0.450939 
0.936357 0.351213 
0.830715 0.828752 
0.829954 0.030000 
0.218105 0.689218 
0.687316 0.713490 
0.628423 0.911944 
0.038934 0.365512 
0.162565 0.228616 
0.350916 0.852401 
0.299403 0.062532 
0.974335 0.642223 
0.845591 0.842165 
0.261414 0.581153 
0.434300 0.284953 
0.208322 0.260730 
0.081970 0.672173 
0.207921 0.531938 
0.284774 0.195968 
0.629149 0.104668 
0.153696 0.163776 
0.579039 0.906082 
0.524175 0.801135 
0.678406 0.971074 
0.841000 0.679251 
0.169884 0.247769 
0.256121 0.622774 
0.954598 0.923855 
0.235714 0.653288 
0.804327 0.324239 
0.476826 0.010775 
0.091220 0.133192 
0.552537 0.483874 
0.466818 0.809812 
0.509696 0.458865 
0.136795 0.107324 
0.786705 0.147315 
0.926590 0.202079 
0.335180 0.363805 
0.467260 0.243767 
0.993142 0.730205 
0.551103 0.395452 
0.359430 0.946473 
0.366555 0.686127 
0.729318 0.647129 
0.302433 0.987425 
0.658047 0.798868 
0.576745 0.349411 
0.558585 0.136499 
0.134284 0.913825 
0.657881 0.001113 
0.711315 0.070044 
0.226725 0.570003 
0.042274 0.498510 
0.456624 0.480548 
0.564260 0.514387 
0.300871 0.740006 
0.273347 0.140137 
0.290911 0.341026 
0.632049 0.854386 
0.671487 0.688828 
0.137678 0.947802 
0.713649 0.293341 
0.186495 0.429168 
0.028683 0.070740 
0.926357 0.277961 
0.682818 0.122072 
0.667064 0.349230 
0.513994 0.700769 
0.818660 0.215455 
0.145484 0.155326 
0.555849 0.154482 
0.376816 0.143703 
0.214595 0.699697 
0.810575 0.341827 
0.079380 0.134276 
0.780925 0.014700 
0.067137 0.373425 
0.149585 0.080782 
0.705375 0.240517 
0.366242 0.436558 
0.231770 0.354846 
0.891845 0.231862 
0.907981 0.434364 
0.352446 0.568011 
0.559861 0.584014 
0.525054 0.584059 
0.276456 0.395561 
0.187835 0.936076 
0.637531 0.988597 
0.344089 0.111198 
0.912717 0.041445 
0.563675 0.687911 
0.715590 0.921670 
0.513709 0.907532 
0.894925 0.002692 
0.248138 0.459074 
0.659060 0.820415 
0.717564 0.097837 
0.354555 0.002845 
0.811752 0.108496 
0.494003 0.716278 
0.486618 0.587870 
0.336087 0.608367 
0.821744 0.048183 
0.818008 0.262529 
0.326356 0.062967 
0.282723 0.733396 
0.185142 0.673757 
0.831985 0.172693 
0.449635 0.019400 
0.060834 0.442045 
0.457963 0.991072 
0.943566 0.521902 
0.614965 0.711707 
0.662390 0.794123 
0.823021 0.514646 
0.661763 0.253248 
0.336901 0.286896 
0.859433 0.494444 
0.127427 0.668949 
0.025302 0.243911 
0.412765 0.347400 
0.759329 0.046188 
0.276850 0.025395 
0.821237 0.538588 
0.044036 0.106917 
0.955216 0.311263 
0.397347 0.216275 
0.936220 0.050284 
0.115614 0.130842 
0.067118 0.060503 
0.874202 0.713185 
0.497150 0.608063 
0.721095 0.451668 
0.183795 0.046651 
0.065786 0.668298 
0.083176 0.946930 
0.055751 0.011457 
0.557031 0.018191 
0.728475 0.476095 
0.723273 0.053844 
0.954476 0.882965 
0.995163 0.697813 
0.150775 0.078971 
0.270848 0.139160 
0.860137 0.330145 
0.751369 0.263625 
0.740057 0.145541 
0.105862 0.214832 
0.687678 0.811288 
0.322988 0.464652 
0.409470 0.967033 
0.928205 0.335670 
0.612094 0.457562 
0.248882 0.953677 
0.449386 0.827166 
0.186926 0.673185 
0.221548 0.556516 
0.360614 0.838004 
0.335051 0.195439 
0.739215 0.988805 
0.846241 0.772175 
0.937899 0.261128 
0.779840 0.763568 
0.287498 0.984039 
0.748689 0.219301 
0.788062 0.960282 
0.452182 0.821665 
0.724971 0.592629 
0.315100 0.889901 
0.573370 0.634132 
0.853088 0.848596 
0.351126 0.369375 
0.092950 0.204193 
0.877368 0.919535 
0.629947 0.516576 
0.093556 0.403526 
0.054414 0.531025 
0.940520 0.313139 
0.924138 0.994421 
0.232301 0.286408 
0.657203 0.604026 
0.859634 0.864440 
0.641313 0.542660 
0.478857 0.152505 
0.143602 0.523919 
0.512089 0.682059 
0.364378 0.102452 
0.913968 0.061797 
0.621968 0.419659 
0.209965 0.880300 
0.197839 0.078412 
0.869484 0.423455 
0.011693 0.528373 
0.369566 0.292722 
0.771187 0.335321 
0.732722 0.851127 
0.885110 0.049673 
0.848694 0.993458 
0.048066 0.847391 
0.099777 0.951070 
0.628950 0.754481 
0.561952 0.727136 
0.968967 0.431367 
0.979038 0.694540 
0.132245 0.634406 
0.461192 0.245952 
0.719992 0.897851 
0.180200 0.621430 
0.371038 0.033910 
0.919332 0.216163 
0.048766 0.608068 
0.802482 0.313127 
0.723541 0.549373 
0.312288 0.624877 
0.300140 0.461121 
0.059076 0.882882 
0.595135 0.429044 
0.937109 0.991472 
0.670816 0.406154 
0.236921 0.936404 
0.134515 0.790241 
0.587424 0.828407 
0.038957 0.748269 
0.149632 0.862503 
0.094268 0.366914 
0.717369 0.826533 
0.532178 0.312247 
0.936360 0.394766 
0.838506 0.772370 
0.217938 0.879677 
0.725977 0.492507 
0.569465 0.997989 
0.194389 0.101005 
0.591045 0.687663 
0.556360 0.742615 
0.132492 0.798723 
0.139809 0.770628 
0.951386 0.951671 
0.735735 0.497182 
0.140507 0.499898 
0.792948 0.069570 
0.267347 0.297150 
0.207628 0.607594 
0.840012 0.082848 
0.424793 0.491655 
0.252617 0.738298 
0.578050 0.286826 
0.688741 0.677481 
0.416517 0.406265 
0.103628 0.671943 
0.337938 0.726457 
0.565055 0.878734 
0.885593 0.166212 
0.531870 0.138579 
0.092281 0.962897 
0.416897 0.793475 
0.934060 0.753860 
0.131703 0.527651 
0.222446 0.648651 
0.885136 0.473165 
0.489948 0.553047 
0.065355 0.415375 
0.200308 0.582298 
0.677644 0.162297 
0.729244 0.408051 
0.108276 0.797210 
0.710511 0.557074 
0.739406 0.198728 
0.017746 0.250230 
0.620306 0.481415 
0.138439 0.736551 
0.220204 0.970522 
0.562416 0.528367 
0.257735 0.749267 
0.926738 0.683586 
0.021666 0.143313 
0.664589 0.751733 
0.382351 0.166668 
0.186881 0.906850 
0.435946 0.950182 
0.715646 0.868418 
0.508403 0.727753 
0.342734 0.322635 
0.521949 0.399253 
0.244995 0.627333 
0.582493 0.960649 
0.633668 0.049799 
0.965390 0.309026 
0.796691 0.986121 
0.728506 0.995726 
0.174717 0.469211 
0.029985 0.963693 
0.790339 0.225107 
0.373652 0.963837 
0.205674 0.759595 
0.510161 0.274300 
0.166648 0.848883 
0.184394 0.108897 
0.226935 0.096964 
0.678038 0.792562 
0.597225 0.568855 
0.740538 0.217729 
0.364392 0.344592 
0.561595 0.734860 
0.798400 0.705217 
0.588231 0.393681 
0.593314 0.829912 
0.332992 0.594231 
0.234829 0.765217 
0.996093 0.342248 
0.165468 0.026115 
0.906905 0.347945 
0.917097 0.648236 
0.909641 0.341811 
0.822777 0.404816 
0.749227 0.252825 
0.227724 0.358583 
0.697754 0.143310 
0.614117 0.464538 
0.483628 0.331967 
0.370967 0.839058 
0.045216 0.951623 
0.933125 0.033932 
0.303505 0.011569 
0.447216 0.367094 
0.747865 0.362706 
0.002617 0.981730 
0.934961 0.895060 
0.266618 0.052577 
0.655020 0.924071 
0.866414 0.822434 
0.646925 0.872339 
0.394865 0.491067 
0.370950 0.548535 
0.230983 0.126458 
0.381578 0.181313 
0.319549 0.668371 
0.310062 0.205213 
0.012875 0.382088 
0.747469 0.717117 
0.583646 0.345705 
0.265741 0.316290 
0.890650 0.151700 
0.615715 0.325576 
0.957070 0.470379 
0.661744 0.929925 
0.247797 0.719825 
0.105183 0.814332 
0.485522 0.161764 
0.766118 0.150793 
0.379848 0.109575 
0.630166 0.205809 
0.033820 0.418328 
0.846850 0.015233 
0.016567 0.439553 
0.568699 0.130686 
0.443054 0.413205 
0.743750 0.203703 
0.633955 0.877275 
0.366948 0.295073 
0.288364 0.539036 
0.571735 0.149989 
0.867105 0.436852 
0.171445 0.482135 
0.235791 0.931827 
0.212011 0.276488 
0.938327 0.464980 
0.920776 0.482830 
0.929278 0.382620 
0.702378 0.859697 
0.926486 0.450702 
0.940487 0.760409 
0.199389 0.124146 
0.525384 0.133033 
0.883627 0.125050 
0.717870 0.235074 
0.890230 0.091939 
0.216996 0.055901 
0.522868 0.849406 
0.965635 0.427958 
0.687675 0.755533 
0.247786 0.532337 
0.985930 0.533234 
0.062961 0.189824 
0.379851 0.149967 
0.496691 0.884877 
0.127151 0.030041 
0.895211 0.812497 
0.637371 0.288304 
0.518735 0.384908 
0.150951 0.025357 
0.170412 0.119201 
0.416653 0.679247 
0.097287 0.103246 
0.261152 0.184150 
0.005703 0.858443 
0.849854 0.504174 
0.650866 0.112936 
0.111555 0.904507 
0.056669 0.442294 
0.642410 0.984880 
0.885131 0.401437 
0.946119 0.430269 
0.536896 0.603644 
0.439366 0.418390 
0.882514 0.410738 
0.268853 0.611511 
0.657226 0.999813 
0.857118 0.581189 
0.037134 0.114623 
0.463869 0.245791 
0.011199 0.222459 
0.866530 0.765620 
0.769730 0.850970 
0.260170 0.670143 
0.090445 0.115161 
0.514940 0.593174 
0.476632 0.761626 
0.652321 0.561261 
0.115668 0.034193 
0.684777 0.049212 
0.107029 0.838796 
0.642273 0.685845 
0.002175 0.560015 
0.176616 0.390443 
0.181116 0.012408 
0.534462 0.702694 
0.170867 0.757965 
0.112476 0.386263 
0.926898 0.377210 
0.776825 0.093869 
0.656444 0.850135 
0.222387 0.653364 
0.093080 0.388736 
0.494021 0.010698 
0.806670 0.704486 
0.295399 0.779071 
0.847374 0.819601 
0.029792 0.714020 
0.538408 0.027620 
0.207224 0.818751 
0.753367 0.847006 
0.623558 0.141373 
0.047702 0.732766 
0.598968 0.846919 
0.160630 0.703399 
0.034062 0.474157 
0.148649 0.338933 
0.439833 0.273928 
0.911993 0.873969 
0.789818 0.472417 
0.904442 0.951312 
0.702786 0.724730 
0.533498 0.504355 
0.700756 0.599748 
0.971982 0.109017 
0.252485 0.523451 
0.647081 0.491856 
0.618707 0.614827 
0.404705 0.873966 
0.746483 0.147684 
0.117773 0.405532 
0.770592 0.347715 
0.047458 0.630418 
0.436557 0.205184 
0.520979 0.100565 
0.197364 0.097675 
0.630008 0.541885 
0.464568 0.989970 
0.432247 0.768497 
0.126643 0.487175 
0.954101 0.578660 
0.544520 0.743074 
0.837858 0.881124 
0.048118 0.712862 
0.074541 0.810019 
0.995138 0.286663 
0.944613 0.108975 
0.544817 0.745110 
0.058243 0.888277 
0.272333 0.106240 
0.583462 0.247402 
0.086171 0.281340 
0.476424 0.257753 
0.053032 0.302909 
0.992956 0.609237 
0.438099 0.127488 
0.694422 0.158606 
0.698068 0.422251 
0.772984 0.543595 
0.208161 0.562972 
0.874859 0.762007 
0.048797 0.132435 
0.834287 0.869714 
0.282380 0.954280 
0.577772 0.614163 
0.236171 0.320312 
0.483104 0.522074 
0.492063 0.107233 
0.268514 0.921020 
0.583770 0.414888 
0.015397 0.785004 
0.564429 0.350530 
0.359152 0.263479 
0.284104 0.929933 
0.377730 0.510184 
0.664742 0.323823 
0.487197 0.322175 
0.800837 0.662823 
0.058778 0.881034 
0.531657 0.556418 
0.720496 0.384507 
0.416915 0.097842 
0.438641 0.244841 
0.035333 0.845513 
0.545202 0.213776 
0.933975 0.310388 
0.696671 0.948841 
0.168064 0.657685 
0.709687 0.705285 
0.718163 0.161844 
0.111706 0.442709 
0.602893 0.826757 
0.301295 0.858715 
0.414686 0.629100 
0.277906 0.764832 
0.528750 0.696403 
0.440656 0.113649 
0.101967 0.767446 
0.457354 0.752858 
0.286789 0.063172 
0.730537 0.127509 
0.042571 0.485574 
0.045220 0.014720 
0.390773 0.724040 
0.940869 0.181037 
0.696177 0.640790 
0.755212 0.850330 
0.496744 0.775479 
0.469753 0.137680 
0.986973 0.060278 
0.097979 0.730406 
0.929191 0.919410 
0.529044 0.644265 
0.156472 0.820762 
0.549970 0.346006 
0.330788 0.547407 
0.276252 0.968127 
0.318122 0.674906 
0.150658 0.101248 
0.671784 0.674241 
0.971800 0.049251 
0.764984 0.089107 
0.626105 0.943786 
0.211057 0.239851 
0.170457 0.868326 
0.950658 0.709476 
0.170614 0.517677 
0.596549 0.200725 
0.578673 0.751817 
0.784468 0.556027 
0.147168 0.453935 
0.284830 0.145291 
0.899775 0.519040 
0.497398 0.764139 
0.890422 0.323940 
0.456601 0.096570 
0.057298 0.006069 
0.008099 0.113804 
0.697747 0.037177 
0.830172 0.700763 
0.729189 0.475461 
0.065441 0.867017 
0.960791 0.013064 
0.562763 0.362260 
0.498084 0.290511 
0.614826 0.373861 
0.483543 0.905909 
0.607514 0.482090 
0.487378 0.367760 
0.941866 0.940323 
0.005715 0.054869 
0.185261 0.686550 
0.851877 0.505060 
0.549213 0.630285 
0.203333 0.423488 
0.564712 0.120021 
0.197237 0.969693 
0.636950 0.210386 
0.952348 0.110885 
0.648443 0.384393 
0.488991 0.473725 
0.890388 0.747293 
0.752371 0.096431 
0.715578 0.716017 
0.095250 0.866481 
0.945408 0.477995 
0.657599 0.267694 
0.130895 0.948759 
0.792337 0.813747 
0.650546 0.726445 
0.360403 0.297112 
0.562023 0.923913 
0.201379 0.574815 
0.922611 0.329416 
0.495181 0.508939 
0.738236 0.535147 
0.218867 0.501532 
0.254151 0.518296 
0.999891 0.173294 
0.554096 0.695378 
0.224609 0.995719 
0.050074 0.598397 
0.259624 0.501692 
0.939316 0.081106 
0.141094 0.364356 
0.731114 0.840534 
0.856075 0.049159 
0.212546 0.253451 
0.754394 0.103618 
0.501844 0.495651 
0.400385 0.263088 
0.715596 0.026638 
0.698524 0.086114 
0.310494 0.476880 
0.928745 0.421467 
0.592643 0.543810 
0.818684 0.627701 
0.766937 0.910067 
0.492898 0.135945 
0.832996 0.171817 
0.734691 0.958578 
0.824176 0.930256 
0.817362 0.402917 
0.832275 0.052865 
0.495121 0.496082 
0.643846 0.116770 
0.553394 0.896735 
0.432093 0.192244 
0.043693 0.349636 
0.338275 0.390518 
0.435401 0.784487 
0.865818 0.807436 
0.579403 0.033002 
0.670849 0.961247 
0.686083 0.999486 
0.353772 0.839322 
0.486673 0.514857 
0.197865 0.525149 
0.177969 0.130851 
0.219874 0.415052 
0.778881 0.646460 
0.048090 0.253462 
0.937915 0.533212 
0.691044 0.382594 
0.259335 0.637048 
0.864802 0.725383 
0.519944 0.699830 
0.050709 0.271389 
0.235146 0.102887 
0.214523 0.483644 
0.600592 0.142469 
0.480532 0.293694 
0.121513 0.269277 
0.746295 0.977182 
0.502107 0.911484 
0.308900 0.676003 
0.586281 0.621167 
0.945430 0.834697 
0.755369 0.491464 
0.027957 0.881139 
0.295173 0.966220 
0.267747 0.018734 
0.858522 0.171298 
0.002013 0.831493 
0.894460 0.195756 
0.068323 0.304894 
0.355414 0.444053 
0.206896 0.293405 
0.258778 0.289984 
0.758271 0.266665 
0.832787 0.657120 
0.218641 0.698066 
0.388332 0.688210 
0.750129 0.418489 
0.549765 0.905746 
0.870640 0.849114 
0.061812 0.875276 
0.771710 0.131823 
0.550470 0.742245 
0.911437 0.515533 
0.558881 0.119165 
0.798643 0.797806 
0.723020 0.795579 
0.296250 0.072001 
0.127584 0.306075 
0.209168 0.479646 
0.409317 0.399115 
0.932999 0.917800 
0.458658 0.666528 
0.331296 0.097606 
0.468269 0.204151 
0.166146 0.423038 
0.996292 0.685837 
0.870857 0.487468 
0.874915 0.699880 
0.879639 0.096220 
0.172847 0.031609 
0.256473 0.545864 
0.331118 0.098956 
0.159356 0.291768 
0.744050 0.254325 
0.440928 0.682269 
0.891183 0.107461 
0.095914 0.029396 
0.054930 0.216753 
0.972414 0.366527 
0.216497 0.672803 
0.794166 0.542617 
0.756577 0.793112 
0.839628 0.620544 
0.489283 0.376671 
0.710837 0.035462 
0.007266 0.123816 
0.982241 0.521514 
0.080103 0.289363 
0.330464 0.106969 
0.835127 0.973246 
0.348116 0.791957 
0.423955 0.412643 
0.294771 0.212095 
0.682730 0.648101 
0.629272 0.176480 
0.100049 0.515878 
0.359262 0.114704 
0.837898 0.546029 
0.103985 0.674220 
0.613799 0.116208 
0.110731 0.056123 
0.254364 0.093726 
0.249178 0.931107 
0.114965 0.211187 
0.415127 0.046369 
0.322787 0.085625 
0.100977 0.124781 
0.192397 0.613685 
0.202356 0.991556 
0.086238 0.409753 
0.726256 0.188712 
0.687703 0.215966 
0.747400 0.549047 
0.831842 0.762578 
0.650852 0.871641 
0.670009 0.836819 
0.414452 0.695598 
0.911736 0.552318 
0.807046 0.013948 
0.429445 0.677718 
0.410728 0.111058 
0.546626 0.142720 
0.695853 0.204077 
0.926074 0.523582 
0.844201 0.489734 
0.967623 0.842313 
0.749565 0.943221 
0.722727 0.876244 
0.035672 0.546288 
0.459312 0.664095 
0.441968 0.162723 
0.881747 0.529559 
0.301020 0.235475 
0.623247 0.919541 
0.720075 0.305744 
0.644447 0.218445 
0.401920 0.065015 
0.706320 0.119218 
0.701548 0.917811 
0.642226 0.885349 
0.054128 0.736451 
0.523823 0.891866 
0.597620 0.194972 
0.893491 0.907712 
0.912084 0.398475 
0.167108 0.588732 
0.822289 0.214255 
0.981650 0.592567 
0.270562 0.330545 
0.464649 0.352925 
0.606514 0.679752 
0.588467 0.368803 
0.477441 0.351529 
0.156098 0.532854 
0.670993 0.384417 
0.889897 0.496922 
0.773017 0.100301 
0.754107 0.280751 
0.576043 0.561138 
0.053639 0.510076 
0.839328 0.581654 
0.857454 0.224056 
0.703150 0.841163 
0.419537 0.153336 
0.117256 0.720062 
0.079445 0.229303 
0.890554 0.533355 
0.100345 0.501447 
0.824140 0.328260 
0.062236 0.997139 
0.922778 0.129730 
0.373468 0.871247 
0.048689 0.316529 
0.910531 0.300437 
0.444170 0.168786 
0.791523 0.134130 
0.329104 0.251044 
0.298616 0.836046 
0.427751 0.203767 
0.709141 0.538610 
0.426111 0.650196 
0.851440 0.152053 
0.561111 0.584792 
0.607339 0.546896 
0.686851 0.903329 
0.255039 0.448371 
0.771434 0.489049 
0.440712 0.041802 
0.562877 0.269421 
0.152449 0.217845 
0.313573 0.225343 
0.333904 0.926166 
0.077179 0.147450 
0.191033 0.688011 
0.401077 0.899725 
0.675897 0.799943 
0.647174 0.053060 
0.776686 0.764499 
0.933021 0.282485 
0.724972 0.607726 
0.051494 0.452568 
0.309475 0.342133 
0.225358 0.597661 
0.881165 0.732142 
0.115546 0.979701 
0.831549 0.851688 
0.319548 0.644070 
0.885229 0.050687 
0.904215 0.139816 
0.879196 0.643584 
0.708701 0.130365 
0.044300 0.542340 
0.102815 0.004300 
0.269312 0.327199 
0.237969 0.551542 
0.758876 0.424329 
0.702649 0.425875 
0.675911 0.041856 
0.480205 0.813569 
0.652264 0.599807 
0.961470 0.431572 
0.433371 0.659630 
0.408907 0.501783 
0.469535 0.480981 
0.849295 0.096800 
0.914141 0.959604 
0.066482 0.357466 
0.925111 0.343158 
0.464087 0.912101 
0.677281 0.069273 
0.272730 0.774589 
0.514320 0.183704 
0.509975 0.147235 
0.585706 0.964374 
0.230933 0.295352 
0.989242 0.185333 
0.886090 0.517128 
0.377188 0.396283 
0.331996 0.858863 
0.904771 0.481002 
0.200847 0.642705 
0.949608 0.064880 
0.438019 0.785156 
0.122227 0.267375 
0.779341 0.382294 
0.207100 0.733290 
0.405112 0.719222 
0.957505 0.786688 
0.869158 0.942062 
0.233322 0.450841 
0.283420 0.438819 
0.231062 0.462239 
0.856645 0.630889 
0.348116 0.782151 
0.607107 0.639175 
0.606155 0.654747 
0.326870 0.701197 
0.011782 0.018084 
0.929850 0.987775 
0.530548 0.915126 
0.519043 0.558600 
0.389643 0.724042 
0.967971 0.696398 
0.357407 0.946197 
0.728155 0.105992 
0.412250 0.683993 
0.873206 0.979179 
0.054668 0.799175 
0.730972 0.453624 
0.066834 0.271180 
0.719361 0.303084 
0.924870 0.295431 
0.303900 0.639909 
0.956902 0.648989 
0.552194 0.722484 
0.792539 0.196273 
0.756430 0.324276 
0.112820 0.166053 
0.846517 0.418862 
0.816550 0.764232 
0.453465 0.393299 
0.173523 0.407667 
0.666118 0.439967 
0.523626 0.580733 
0.379439 0.228890 
0.947578 0.941511 
0.973288 0.044515 
0.155884 0.941129 
0.560032 0.456323 
0.419454 0.759726 
0.709472 0.102760 
0.085054 0.498406 
0.704081 0.486724 
0.375671 0.907646 
0.798932 0.647329 
0.666527 0.321819 
0.805345 0.430224 
0.778841 0.985022 
0.263463 0.025262 
0.580665 0.242909 
0.574371 0.453899 
0.686653 0.580605 
0.229394 0.430806 
0.564675 0.494569 
0.223360 0.014765 
0.153007 0.583841 
0.610013 0.493336 
0.495730 0.732824 
0.571519 0.521700 
0.211598 0.320693 
0.887586 0.656405 
0.194927 0.141839 
0.887001 0.821335 
0.181155 0.668860 
0.529518 0.610303 
0.367982 0.675537 
0.752148 0.347537 
0.062755 0.721843 
0.012858 0.097623 
0.743484 0.730471 
0.027301 0.854927 
0.756196 0.385625 
0.194786 0.765237 
0.333026 0.175566 
0.730194 0.372944 
0.069243 0.759876 
0.234870 0.453162 
0.299209 0.805674 
0.970715 0.799050 
0.638342 0.616755 
0.804574 0.481606 
0.349887 0.557925 
0.041298 0.089705 
0.672314 0.584007 
0.404418 0.060592 
0.376020 0.762427 
0.113637 0.899178 
0.491817 0.967851 
0.669290 0.754900 
0.611695 0.757486 
0.063830 0.793399 
0.657947 0.122890 
0.417103 0.247690 
0.926084 0.696443 
0.119328 0.544486 
0.173087 0.072285 
0.901114 0.017660 
0.807729 0.495960 
0.597665 0.956673 
0.808722 0.195694 
0.036174 0.969856 
0.369918 0.206005 
0.330858 0.736953 
0.967748 0.932259 
0.468973 0.032855 
0.195306 0.506555 
0.677830 0.293557 
0.814440 0.297013 
0.898208 0.173994 
0.310328 0.684620 
0.402843 0.577035 
0.233175 0.979915 
0.436023 0.237706 
0.128712 0.255578 
0.500256 0.798747 
0.537436 0.679493 
0.235386 0.130274 
0.507999 0.937603 
0.289278 0.900704 
0.126142 0.076841 
0.473896 0.765350 
0.233003 0.078242 
0.011842 0.030870 
0.840400 0.605704 
0.068170 0.725018 
0.370468 0.461250 
0.236058 0.434032 
0.771556 0.549740 
0.471868 0.678741 
0.601262 0.415798 
0.325169 0.112338 
0.072389 0.648296 
0.908098 0.406671 
0.927361 0.154047 
0.062307 0.189980 
0.991682 0.203702 
0.616025 0.524203 
0.275155 0.527621 
0.718623 0.903540 
0.792519 0.870923 
0.599039 0.055427 
0.568186 0.499226 
0.494183 0.727122 
0.731406 0.733345 
0.335088 0.828436 
0.515520 0.347264 
0.468911 0.986336 
0.356889 0.229688 
0.358140 0.256872 
0.248922 0.632067 
0.144862 0.696494 
0.980362 0.937324 
0.603819 0.383849 
0.354272 0.250462 
0.515271 0.155516 
0.750346 0.065006 
0.556782 0.826700 
0.350657 0.489740 
0.058620 0.232175 
0.172646 0.668305 
0.207397 0.714704 
0.023425 0.706351 
0.638623 0.338396 
0.420623 0.416881 
0.515827 0.499488 
0.899450 0.059623 
0.077136 0.426352 
0.693847 0.480440 
0.753872 0.324771 
0.433346 0.250139 
0.088756 0.720115 
0.977333 0.033585 
0.466748 0.628390 
0.354425 0.813058 
0.064780 0.761767 
0.021692 0.574319 
0.582120 0.692432 
0.703766 0.191199 
0.488231 0.700910 
0.194769 0.482548 
0.188119 0.711328 
0.287429 0.820329 
0.263432 0.508338 
0.641296 0.266984 
0.191808 0.710636 
0.651355 0.330749 
0.893710 0.582497 
0.033591 0.565853 
0.291401 0.584619 
0.699678 0.496308 
0.441944 0.747667 
0.038229 0.512507 
0.708573 0.990573 
0.560719 0.002409 
0.487546 0.179454 
0.076096 0.952769 
0.193460 0.479815 
0.243582 0.888327 
0.111195 0.852525 
0.384316 0.203142 
0.209746 0.202767 
0.906568 0.693566 
0.758995 0.426268 
0.279630 0.733660 
0.627757 0.704583 
0.926313 0.544129 
0.173651 0.544642 
0.796095 0.961982 
0.024847 0.609374 
0.747347 0.667258 
0.600789 0.466532 
0.999138 0.519769 
0.757444 0.366955 
0.405667 0.048849 
0.997844 0.756749 
0.683821 0.979367 
0.224324 0.208759 
0.619645 0.381103 
0.199684 0.084765 
0.647794 0.476821 
0.931345 0.114208 
0.494777 0.712348 
0.429181 0.250036 
0.354002 0.711684 
0.279642 0.938594 
0.944739 0.229945 
0.680018 0.054240 
0.619945 0.407917 
0.868706 0.338368 
0.958328 0.611273 
0.665050 0.494846 
0.871504 0.359445 
0.198701 0.566391 
0.334450 0.105770 
0.669657 0.919090 
0.141317 0.110142 
0.163435 0.859395 
0.854365 0.309424 
0.487673 0.324262 
0.875399 0.835712 
0.803463 0.808460 
0.789636 0.418356 
0.307988 0.353248 
0.037756 0.563976 
0.747095 0.424904 
0.358886 0.801188 
0.567278 0.243825 
0.959863 0.409334 
0.676106 0.318397 
0.301363 0.004127 
0.364594 0.734819 
0.100663 0.848329 
0.862546 0.817120 
0.328564 0.180533 
0.211367 0.446992 
0.601656 0.024158 
0.018881 0.333846 
0.942932 0.853317 
0.695217 0.516309 
0.607208 0.339539 
0.637545 0.222652 
0.113182 0.243964 
0.303563 0.978447 
0.757101 0.604203 
0.843813 0.959983 
0.439455 0.920662 
0.560948 0.852333 
0.161676 0.282732 
0.873042 0.213895 
0.939521 0.526289 
0.338510 0.338397 
0.436487 0.043977 
0.127815 0.183306 
0.818640 0.889893 
0.436573 0.485133 
0.627661 0.102940 
0.112583 0.181758 
0.800103 0.327807 
0.455490 0.422407 
0.397134 0.637809 
0.650272 0.117606 
0.598495 0.901346 
0.920435 0.756542 
0.201979 0.658951 
0.994954 0.186169 
0.934462 0.504534 
0.708555 0.676336 
0.186987 0.693118 
0.226099 0.042104 
0.645806 0.064384 
0.096213 0.049824 
0.389117 0.896414 
0.024440 0.762913 
0.279506 0.665033 
0.217284 0.883847 
0.816694 0.171772 
0.976316 0.946907 
0.668456 0.732473 
0.672057 0.257762 
0.208964 0.061800 
0.673395 0.754465 
0.292537 0.670317 
0.011356 0.859225 
0.999657 0.243510 
0.668376 0.395392 
0.361717 0.377702 
0.044476 0.508659 
0.029125 0.511097 
0.007713 0.634454 
0.272935 0.213801 
0.348404 0.630884 
0.265297 0.849277 
0.791587 0.203479 
0.863249 0.628637 
0.500741 0.954763 
0.697215 0.097859 
0.710866 0.523726 
0.255255 0.073052 
0.788021 0.271154 
0.286860 0.261835 
0.663555 0.371840 
0.520826 0.517355 
0.177321 0.227005 
0.274215 0.723669 
0.700732 0.208720 
0.949473 0.800304 
0.715944 0.873969 
0.789255 0.001696 
0.500858 0.928503 
0.343545 0.959668 
0.146286 0.626096 
0.791414 0.301860 
0.359833 0.711038 
0.422981 0.034259 
0.797843 0.353442 
0.295952 0.060558 
0.798778 0.061325 
0.687493 0.700048 
0.711454 0.414104 
0.846576 0.408843 
0.425986 0.548253 
0.484603 0.719461 
0.977880 0.222306 
0.300749 0.680230 
0.632112 0.909021 
0.914591 0.528415 
0.077555 0.464113 
0.339843 0.743555 
0.922552 0.337040 
0.635182 0.509690 
0.360158 0.182211 
0.413000 0.291241 
0.886917 0.413332 
0.875379 0.493370 
0.077534 0.120457 
0.515566 0.113857 
0.595260 0.527645 
0.137311 0.780592 
0.410441 0.277030 
0.047939 0.715018 
0.314019 0.724984 
0.814006 0.992976 
0.942045 0.951002 
0.488209 0.332632 
0.552610 0.718507 
0.947511 0.816204 
0.943957 0.088868 
0.605315 0.536665 
0.732385 0.193225 
0.535004 0.805309 
0.826122 0.640050 
0.321412 0.977080 
0.787741 0.558991 
0.963073 0.364605 
0.922926 0.611401 
0.822248 0.518467 
0.877671 0.012608 
0.897883 0.724837 
0.336107 0.945409 
0.496590 0.191384 
0.585939 0.883608 
0.803715 0.039364 
0.591755 0.633113 
0.734705 0.190724 
0.498048 0.695323 
0.297575 0.344713 
0.599660 0.490271 
0.980353 0.786072 
0.504525 0.555393 
0.481823 0.990832 
0.910036 0.971263 
0.010828 0.982667 
0.681875 0.265551 
0.109850 0.253461 
0.918012 0.032617 
0.186710 0.035309 
0.432250 0.823837 
0.230343 0.372408 
0.069184 0.775796 
0.804926 0.395555 
0.090271 0.186009 
0.261585 0.456052 
0.867708 0.565982 
0.454532 0.313884 
0.454680 0.806270 
0.978692 0.877176 
0.699704 0.931602 
0.442182 0.760082 
0.699916 0.493485 
0.999558 0.565082 
0.337406 0.789205 
0.171725 0.181501 
0.495294 0.414355 
0.059675 0.962494 
0.638635 0.545920 
0.276614 0.047604 
0.082725 0.355555 
0.821235 0.494666 
0.853969 0.649849 
0.010675 0.421527 
0.598394 0.201889 
0.147429 0.838854 
0.619082 0.917183 
0.102438 0.682981 
0.855518 0.686489 
0.819665 0.117720 
0.518874 0.723036 
0.065158 0.115362 
0.897324 0.331378 
0.473568 0.258341 
0.931451 0.904490 
0.763814 0.429800 
0.646859 0.755594 
0.267875 0.167643 
0.583625 0.991429 
0.944686 0.330170 
0.175128 0.377164 
0.990228 0.756934 
0.787931 0.759976 
0.918423 0.941383 
0.826882 0.411503 
0.129456 0.766499 
0.546870 0.242595 
0.292323 0.074530 
0.632282 0.771969 
0.489796 0.000117 
0.965013 0.981696 
0.361875 0.040523 
0.066900 0.396667 
0.774061 0.637652 
0.024392 0.953541 
0.167608 0.985033 
0.455241 0.227223 
0.933480 0.005742 
0.502757 0.829801 
0.467929 0.481627 
0.708523 0.145529 
0.899582 0.273350 
0.198201 0.169761 
0.176912 0.357378 
0.454521 0.129691 
0.712836 0.635012 
0.647837 0.200244 
0.495254 0.736560 
0.361071 0.519171 
0.702610 0.772091 
0.535241 0.795661 
0.682785 0.569624 
0.677675 0.680747 
0.318482 0.727014 
0.927615 0.430085 
0.442850 0.980630 
0.453710 0.509836 
0.813944 0.961852 
0.838457 0.949803 
0.333328 0.249103 
0.679811 0.590321 
0.521064 0.514735 
0.154917 0.690159 
0.498295 0.852315 
0.856823 0.622808 
0.534532 0.873957 
0.590089 0.628063 
0.856619 0.199945 
0.482887 0.886295 
0.954892 0.876781 
0.056479 0.237044 
0.998965 0.603202 
0.016853 0.243191 
0.306155 0.542922 
0.886426 0.157115 
0.637298 0.060065 
0.504415 0.708064 
0.433847 0.666186 
0.591547 0.125311 
0.103446 0.618500 
0.132970 0.821213 
0.133385 0.806592 
0.396966 0.803286 
0.820313 0.004434 
0.528315 0.394369 
0.158168 0.325620 
0.694282 0.803871 
0.660673 0.937752 
0.790492 0.799341 
0.519852 0.155203 
0.489766 0.493790 
0.127810 0.095376 
0.991591 0.664098 
0.502341 0.845221 
0.621203 0.556677 
0.067489 0.286638 
0.525417 0.681967 
0.812550 0.526744 
0.979473 0.996339 
0.468600 0.754276 
0.109373 0.226510 
0.947897 0.301619 
0.310556 0.506369 
0.540935 0.501154 
0.889646 0.278987 
0.929013 0.923562 
0.310659 0.238587 
0.931123 0.382720 
0.381995 0.184410 
0.384682 0.355514 
0.117308 0.591387 
0.444474 0.281033 
0.327041 0.575431 
0.264477 0.072660 
0.190799 0.755714 
0.291727 0.050431 
0.586313 0.163643 
0.355677 0.862000 
0.630613 0.719758 
0.964999 0.731667 
0.124158 0.717295 
0.571136 0.081733 
0.684935 0.703298 
0.333282 0.471264 
0.533661 0.244164 
0.660402 0.377311 
0.458265 0.066887 
0.170680 0.620428 
0.533974 0.501833 
0.299561 0.721103 
0.571740 0.236541 
0.543504 0.676110 
0.383254 0.355013 
0.705432 0.198237 
0.776915 0.615440 
0.707063 0.614455 
0.146435 0.128593 
0.262249 0.614842 
0.656816 0.100735 
0.060727 0.644383 
0.148791 0.737801 
0.218815 0.616840 
0.222579 0.892675 
0.188979 0.164777 
0.407674 0.771962 
0.357014 0.330003 
0.365117 0.523558 
0.432926 0.178968 
0.907942 0.777880 
0.831239 0.637980 
0.528145 0.535373 
0.009546 0.434606 
0.425140 0.333743 
0.213030 0.398315 
0.472826 0.784399 
0.400886 0.695789 
0.130800 0.359959 
0.832118 0.399710 
0.921865 0.780647 
0.331824 0.957753 
0.951311 0.677749 
0.935346 0.352073 
0.282583 0.378363 
0.149311 0.476255 
0.420788 0.183283 
0.440877 0.823935 
0.878881 0.360565 
0.018646 0.380934 
0.363048 0.739604 
0.521186 0.571106 
0.577214 0.232960 
0.361808 0.911178 
0.164071 0.548674 
0.560024 0.325294 
0.213805 0.415421 
0.988964 0.513671 
0.270356 0.877441 
0.150991 0.706298 
0.747207 0.315864 
0.730031 0.625505 
0.860253 0.267125 
0.564708 0.047236 
0.895808 0.840197 
0.190723 0.475078 
0.631915 0.595954 
0.206576 0.927818 
0.845059 0.904404 
0.318128 0.769574 
0.231743 0.903225 
0.503780 0.026745 
0.502118 0.100929 
0.312599 0.858432 
0.671374 0.784915 
0.071494 0.596677 
0.354706 0.540263 
0.204197 0.932426 
0.287875 0.313388 
0.120254 0.111072 
0.781401 0.013289 
0.344308 0.790735 
0.877662 0.861254 
0.088598 0.073511 
0.501205 0.759805 
0.044886 0.395551 
0.021180 0.970416 
0.777800 0.492687 
0.598536 0.594285 
0.144660 0.296164 
0.626009 0.337385 
0.422352 0.469444 
0.937629 0.729011 
0.482868 0.566775 
0.793154 0.533897 
0.206193 0.481809 
0.771224 0.959700 
0.685922 0.288126 
0.533985 0.687106 
0.193620 0.165895 
0.196313 0.435352 
0.964322 0.363310 
0.147697 0.338828 
0.690358 0.842918 
0.920691 0.058079 
0.132636 0.211741 
0.739112 0.247962 
0.501411 0.213543 
0.013104 0.246209 
0.031147 0.488450 
0.371931 0.046600 
0.203766 0.701698 
0.446174 0.845450 
0.473921 0.189797 
0.921867 0.821681 
0.984447 0.596457 
0.653952 0.976375 
0.938359 0.006995 
0.570294 0.929419 
0.744165 0.177647 
0.720827 0.934593 
0.702453 0.123288 
0.096995 0.196786 
0.380236 0.629191 
0.816899 0.618568 
0.270517 0.575644 
0.855756 0.685967 
0.049389 0.083100 
0.661191 0.633302 
0.902311 0.137408 
0.418127 0.456467 
0.845409 0.790992 
0.202404 0.801452 
0.011169 0.715310 
0.217858 0.540741 
0.241181 0.533986 
0.704896 0.179012 
0.656792 0.708063 
0.415283 0.658553 
0.295722 0.207198 
0.379559 0.247310 
0.543140 0.554105 
0.842311 0.715043 
0.730038 0.747651 
0.770512 0.999388 
0.717317 0.945510 
0.191829 0.065522 
0.232359 0.254084 
0.383942 0.912878 
0.737895 0.803975 
0.411988 0.280142 
0.349045 0.398011 
0.377335 0.871286 
0.710581 0.730348 
0.963840 0.259394 
0.634973 0.985092 
0.448806 0.080965 
0.784738 0.098640 
0.836313 0.917465 
0.829002 0.036298 
0.066540 0.343361 
0.871821 0.701201 
0.079856 0.133765 
0.184942 0.326622 
0.539979 0.422128 
0.713115 0.323907 
0.909781 0.682851 
0.669041 0.580002 
0.093988 0.654414 
0.737457 0.438274 
0.069593 0.642817 
0.822537 0.372961 
0.347673 0.348227 
0.649812 0.390256 
0.026447 0.497687 
0.629981 0.090218 
0.287276 0.251221 
0.274483 0.238459 
0.773041 0.495329 
0.992426 0.703783 
0.482802 0.454680 
0.799610 0.040034 
0.857047 0.388442 
0.546683 0.107915 
0.725114 0.986042 
0.412243 0.575903 
0.204814 0.314074 
0.637696 0.750859 
0.685650 0.720430 
0.266229 0.508519 
0.675775 0.755891 
0.265356 0.833036 
0.828481 0.281268 
0.267532 0.404845 
0.232544 0.368932 
0.634396 0.297480 
0.738500 0.967862 
0.854391 0.755128 
0.433170 0.291756 
0.541762 0.397115 
0.310166 0.952309 
0.456397 0.669372 
0.133719 0.413059 
0.280729 0.209472 
0.594217 0.011558 
0.255196 0.087462 
0.971285 0.381719 
0.558447 0.818093 
0.695303 0.949231 
0.729301 0.362375 
0.431549 0.043383 
0.131647 0.595702 
0.965709 0.678095 
0.744726 0.616069 
0.267958 0.574238 
0.212599 0.157960 
0.839645 0.921914 
0.614891 0.470813 
0.951467 0.303473 
0.468654 0.670853 
0.025893 0.188213 
0.299447 0.803861 
0.496703 0.089552 
0.103387 0.620427 
0.513461 0.741290 
0.858011 0.599107 
0.188811 0.344514 
0.239565 0.371687 
0.947375 0.524933 
0.546487 0.807926 
0.816743 0.001939 
0.584118 0.270248 
0.063899 0.951647 
0.329828 0.421338 
0.426077 0.069456 
0.352946 0.970331 
0.345371 0.657475 
0.178836 0.695239 
0.888265 0.072127 
0.238082 0.443715 
0.518377 0.367471 
0.086394 0.028097 
0.219431 0.971674 
0.923938 0.626312 
0.419023 0.513580 
0.738329 0.092336 
0.897961 0.025674 
0.494950 0.617222 
0.652317 0.499448 
0.230217 0.263358 
0.266035 0.253571 
0.767376 0.280417 
0.968739 0.602832 
0.797683 0.660607 
0.826110 0.426140 
0.130587 0.772414 
0.962335 0.964858 
0.370592 0.541155 
0.192484 0.082037 
0.796016 0.639685 
0.189389 0.067768 
0.972958 0.511428 
0.570422 0.090444 
0.089765 0.674817 
0.653904 0.156954 
0.931941 0.129761 
0.901482 0.199662 
0.717356 0.606330 
0.584971 0.600902 
0.356248 0.455775 
0.202840 0.125048 
0.680264 0.196002 
0.206657 0.278055 
0.270420 0.957010 
0.473488 0.904441 
0.946405 0.228593 
0.960193 0.959865 
0.459298 0.413346 
0.102774 0.323805 
0.190171 0.200040 
0.067649 0.973016 
0.476584 0.941994 
0.094382 0.282684 
0.063302 0.919721 
0.746071 0.207690 
0.641826 0.164102 
0.059360 0.663776 
0.083778 0.052213 
0.543197 0.513790 
0.268968 0.550861 
0.326515 0.731837 
0.983858 0.704318 
0.466629 0.629387 
0.104115 0.857268 
0.106735 0.886755 
0.685279 0.485490 
0.635002 0.483750 
0.378977 0.474069 
0.677894 0.363171 
0.820870 0.365187 
0.694437 0.406796 
0.024405 0.178228 
0.485968 0.658228 
0.841878 0.441842 
0.032761 0.609629 
0.029913 0.750316 
0.566279 0.442770 
0.633149 0.329650 
0.430303 0.103431 
0.361052 0.197429 
0.184140 0.837296 
0.428318 0.734531 
0.270635 0.565452 
0.549164 0.805503 
0.093530 0.956609 
0.720560 0.444707 
0.183386 0.172814 
0.478762 0.558657 
0.341509 0.744449 
0.954073 0.101393 
0.107123 0.419315 
0.435513 0.669452 
0.479017 0.838076 
0.546377 0.956599 
0.552958 0.562973 
0.895411 0.180238 
0.268373 0.547681 
0.881053 0.856537 
0.821542 0.653026 
0.410134 0.117708 
0.312626 0.307705 
0.598102 0.308436 
0.882317 0.099941 
0.706797 0.136457 
0.433268 0.942603 
0.333566 0.250147 
0.217093 0.676765 
0.393406 0.978448 
0.783907 0.121128 
0.792041 0.836685 
0.167243 0.855875 
0.688758 0.963988 
0.751866 0.605900 
0.367657 0.214970 
0.995831 0.935768 
0.444610 0.561559 
0.123128 0.410265 
0.326419 0.117969 
0.708103 0.086433 
0.681575 0.230127 
0.749261 0.834003 
0.092334 0.854203 
0.597900 0.905593 
0.304335 0.950693 
0.298638 0.203768 
0.730726 0.319830 
0.385590 0.607260 
0.223481 0.041489 
0.310162 0.893682 
0.106826 0.429903 
0.385581 0.453683 
0.057464 0.798252 
0.218623 0.402182 
0.470713 0.273399 
0.023242 0.620312 
0.578767 0.336985 
0.711154 0.369195 
0.062188 0.195735 
0.716348 0.655948 
0.517259 0.571670 
0.065927 0.041918 
0.521253 0.707072 
0.761012 0.323056 
0.593856 0.944619 
0.214130 0.886539 
0.058219 0.481415 
0.148879 0.207961 
0.197704 0.809798 
0.273911 0.619921 
0.015253 0.354799 
0.108143 0.563909 
0.613438 0.044754 
0.172361 0.870929 
0.700172 0.786726 
0.500159 0.176231 
0.912424 0.117727 
0.641936 0.023217 
0.203244 0.930037 
0.129365 0.245624 
0.203113 0.727149 
0.188137 0.015586 
0.950481 0.732834 
0.745961 0.367460 
0.898624 0.173483 
0.736541 0.037709 
0.772378 0.357513 
0.724590 0.191293 
0.058960 0.940377 
0.916118 0.188075 
0.974366 0.163146 
0.000769 0.932410 
0.014195 0.568475 
0.357742 0.574608 
0.443876 0.229502 
0.241124 0.570451 
0.561646 0.585375 
0.404451 0.602396 
0.474017 0.807672 
0.544970 0.309490 
0.598368 0.772542 
0.115909 0.086484 
0.531495 0.839306 
0.220436 0.862380 
0.016015 0.164961 
0.502087 0.577251 
0.856119 0.795114 
0.473747 0.263526 
0.074418 0.747317 
0.158771 0.459156 
0.033143 0.041417 
0.099587 0.760149 
0.831195 0.886148 
0.482065 0.065701 
0.243273 0.682711 
0.329865 0.039731 
0.752869 0.468384 
0.134470 0.040827 
0.186520 0.840780 
0.995575 0.621450 
0.712745 0.105278 
0.403305 0.339573 
0.199119 0.585102 
0.817470 0.225530 
0.483916 0.175903 
0.396493 0.863097 
0.078117 0.914039 
0.247523 0.123023 
0.648393 0.539552 
0.247837 0.390404 
0.525947 0.589549 
0.546125 0.724200 
0.627121 0.027600 
0.866519 0.584220 
0.986876 0.430813 
0.667412 0.191114 
0.054425 0.715047 
0.788532 0.861080 
0.164690 0.950474 
0.619649 0.446469 
0.803290 0.900416 
0.293696 0.148788 
0.678469 0.030843 
0.372892 0.195929 
0.984248 0.259387 
0.519542 0.934255 
0.025909 0.450170 
0.000754 0.669600 
0.975269 0.341756 
0.886312 0.250776 
0.794399 0.471290 
0.963932 0.797143 
0.574200 0.585613 
0.402677 0.786074 
0.542546 0.565967 
0.212478 0.113173 
0.093275 0.674990 
0.553573 0.907461 
0.703814 0.003639 
0.162943 0.578196 
0.747664 0.983930 
0.903333 0.318848 
0.875958 0.221626 
0.863574 0.091998 
0.216048 0.117633 
0.053457 0.456046 
0.769025 0.006011 
0.027024 0.194371 
0.792583 0.949890 
0.793126 0.071961 
0.451323 0.388878 
0.864487 0.439047 
0.057867 0.573743 
0.901801 0.575344 
0.814823 0.722775 
0.683785 0.367729 
0.414643 0.897225 
0.653186 0.088732 
0.320313 0.500963 
0.691306 0.783409 
0.746834 0.043350 
0.585883 0.939584 
0.584171 0.169796 
0.754193 0.716169 
0.658691 0.622072 
0.157035 0.283555 
0.705774 0.940625 
0.077445 0.619257 
0.857809 0.190191 
0.537505 0.845536 
0.918904 0.011622 
0.332504 0.395538 
0.799490 0.031029 
0.501444 0.769051 
0.433769 0.356373 
0.558861 0.774194 
0.876018 0.226414 
0.342505 0.481288 
0.013235 0.439408 
0.128594 0.279099 
0.815700 0.475074 
0.574469 0.108589 
0.063511 0.435850 
0.333536 0.743976 
0.010645 0.902552 
0.196124 0.257369 
0.598531 0.510574 
0.216478 0.341638 
0.904198 0.859013 
0.434895 0.280229 
0.800617 0.974654 
0.007653 0.628555 
0.115638 0.528555 
0.422899 0.656161 
0.097956 0.345888 
0.346122 0.274326 
0.589413 0.257123 
0.472688 0.471723 
0.247566 0.834291 
0.934117 0.706838 
0.830476 0.809708 
0.755760 0.051315 
0.450459 0.860859 
0.452197 0.079904 
0.945829 0.545840 
0.934853 0.077667 
0.350682 0.918288 
0.673286 0.912803 
0.477920 0.403924 
0.755562 0.736754 
0.618727 0.939645 
0.617526 0.761653 
0.102909 0.586338 
0.580883 0.898238 
0.692937 0.186447 
0.606718 0.117140 
0.774246 0.759943 
0.367283 0.918804 
0.344488 0.810563 
0.127830 0.441638 
0.617951 0.910368 
0.560128 0.066105 
0.032484 0.951632 
0.079157 0.397521 
0.143212 0.964381 
0.351099 0.926552 
0.553359 0.299458 
0.994253 0.416475 
0.700225 0.685146 
0.249011 0.133587 
0.195668 0.599979 
0.842772 0.462890 
0.799553 0.081648 
0.265662 0.983107 
0.086129 0.563090 
0.858993 0.090519 
0.354475 0.655230 
0.451549 0.183673 
0.986438 0.058435 
0.123283 0.022449 
0.299354 0.239542 
0.986685 0.208962 
0.032318 0.170547 
0.389216 0.557490 
0.736133 0.192101 
0.642156 0.716269 
0.333949 0.680237 
0.743067 0.720243 
0.131244 0.811336 
0.118680 0.648497 
0.291367 0.008646 
0.307698 0.478226 
0.544135 0.275597 
0.955870 0.311022 
0.338600 0.850882 
0.771735 0.550518 
0.559060 0.115772 
0.776194 0.497200 
0.437432 0.912043 
0.703266 0.796925 
0.923567 0.389721 
0.033323 0.056088 
0.666353 0.396627 
0.110111 0.629395 
0.246883 0.369600 
0.859022 0.582461 
0.425224 0.738967 
0.822891 0.333915 
0.104013 0.141877 
0.522791 0.556631 
0.290714 0.029627 
0.941584 0.197723 
0.131470 0.608541 
0.754269 0.994325 
0.621024 0.549661 
0.144680 0.632166 
0.806330 0.985077 
0.189816 0.232480 
0.293416 0.448474 
0.502893 0.120071 
0.028562 0.045088 
0.789878 0.486049 
0.021073 0.174616 
0.774622 0.073483 
0.032515 0.487824 
0.864561 0.673750 
0.722400 0.380583 
0.463914 0.000253 
0.253976 0.575518 
0.739247 0.527306 
0.435292 0.951974 
0.818876 0.843665 
0.485614 0.715431 
0.253207 0.652539 
0.228087 0.463245 
0.750959 0.361886 
0.220819 0.302926 
0.276474 0.697150 
0.996501 0.187167 
0.720365 0.174090 
0.936335 0.975484 
0.964582 0.728444 
0.954420 0.940467 
0.425488 0.171283 
0.749988 0.051639 
0.891875 0.744208 
0.897744 0.381176 
0.424683 0.642441 
0.504035 0.312770 
0.724879 0.043971 
0.012196 0.975561 
0.261216 0.251494 
0.866175 0.801073 
0.637546 0.234478 
0.866780 0.963606 
0.323912 0.989743 
0.604432 0.688618 
0.608400 0.376853 
0.760421 0.392301 
0.399086 0.440971 
0.400135 0.063262 
0.250034 0.320615 
0.571480 0.867337 
0.337131 0.159704 
0.150056 0.987685 
0.017358 0.741477 
0.008023 0.848843 
0.508125 0.060161 
0.126649 0.597715 
0.793821 0.748231 
0.518983 0.547535 
0.417406 0.339283 
0.333379 0.095298 
0.677003 0.393362 
0.231977 0.841211 
0.241102 0.201108 
0.030348 0.059010 
0.787425 0.250928 
0.352096 0.678144 
0.561251 0.953506 
0.571223 0.542501 
0.818479 0.169870 
0.004455 0.877825 
0.608912 0.980646 
0.723211 0.013571 
0.083214 0.579144 
0.678277 0.809384 
0.314688 0.955629 
0.251546 0.740192 
0.415102 0.617507 
0.446610 0.180785 
0.449698 0.078472 
0.885864 0.709850 
0.452465 0.586406 
0.719620 0.646413 
0.267316 0.780641 
0.239762 0.678751 
0.765906 0.576248 
0.994332 0.735164 
0.896763 0.892699 
0.585690 0.683720 
0.285850 0.288499 
0.795511 0.152199 
0.009668 0.497191 
0.288441 0.827170 
0.244748 0.474364 
0.633668 0.063690 
0.444964 0.508473 
0.900675 0.647967 
0.381061 0.499920 
0.159589 0.220331 
0.109876 0.679881 
0.754399 0.188596 
0.739148 0.858239 
0.423517 0.049752 
0.174441 0.837080 
0.811619 0.886488 
0.205958 0.542438 
0.751713 0.043195 
0.976619 0.030244 
0.303384 0.967713 
0.353843 0.037203 
0.265913 0.198656 
0.811107 0.280206 
0.414151 0.638675 
0.216843 0.485040 
0.069455 0.323934 
0.359750 0.316442 
0.441436 0.210687 
0.013536 0.493873 
0.520622 0.086306 
0.537150 0.876176 
0.890980 0.697856 
0.869283 0.037150 
0.373057 0.973171 
0.089135 0.097205 
0.729405 0.117821 
0.225892 0.561546 
0.897588 0.754286 
0.292244 0.738467 
0.421855 0.120602 
0.949825 0.706717 
0.785438 0.854128 
0.329465 0.313193 
0.838556 0.606512 
0.646936 0.050522 
0.115687 0.357438 
0.458503 0.060229 
0.274778 0.191235 
0.094587 0.722584 
0.472711 0.860169 
0.862604 0.793248 
0.116115 0.543133 
0.431771 0.775144 
0.848252 0.569826 
0.062963 0.219471 
0.644992 0.382928 
0.863391 0.007172 
0.544549 0.235047 
0.434759 0.987282 
0.254060 0.994173 
0.067953 0.081639 
0.110105 0.538030 
0.674745 0.433068 
0.577382 0.057732 
0.295683 0.540118 
0.756187 0.227673 
0.499146 0.138624 
0.856064 0.867180 
0.695896 0.918500 
0.221527 0.199813 
0.262844 0.614234 
0.437988 0.263059 
0.236380 0.836332 
0.229040 0.479886 
0.439780 0.386942 
0.339850 0.855988 
0.594417 0.363099 
0.602978 0.243823 
0.927829 0.025167 
0.983523 0.063407 
0.685060 0.804177 
0.810980 0.141533 
0.740474 0.150306 
0.188543 0.845909 
0.187403 0.676884 
0.392895 0.384101 
0.587226 0.515482 
0.698623 0.748567 
0.172838 0.892605 
0.013818 0.239736 
0.246125 0.620053 
0.225247 0.732339 
0.427814 0.270861 
0.360404 0.301870 
0.536998 0.331949 
0.060659 0.497296 
0.049797 0.932543 
0.244929 0.521154 
0.031517 0.704410 
0.024021 0.728463 
0.273994 0.022970 
0.057609 0.232120 
0.234593 0.812094 
0.864689 0.827192 
0.607883 0.696196 
0.965013 0.971162 
0.312013 0.995759 
0.723823 0.291965 
0.054996 0.315599 
0.272483 0.620579 
0.070970 0.791237 
0.320804 0.747867 
0.399420 0.046381 
0.526296 0.462730 
0.106170 0.404161 
0.738871 0.209407 
0.503511 0.510789 
0.830679 0.229127 
0.930777 0.572635 
0.279597 0.194556 
0.910296 0.343174 
0.729276 0.938514 
0.608019 0.970343 
0.557803 0.987658 
0.574096 0.835770 
0.789390 0.281321 
0.170100 0.868725 
0.660721 0.736746 
0.483284 0.546684 
0.111820 0.362470 
0.033098 0.278659 
0.426755 0.465448 
0.789337 0.391189 
0.719765 0.097405 
0.087967 0.454999 
0.160227 0.927258 
0.433247 0.585752 
0.736578 0.669876 
0.605678 0.621808 
0.730346 0.932128 
0.268276 0.922207 
0.534758 0.675960 
0.858342 0.159954 
0.338807 0.327277 
0.541850 0.878584 
0.361159 0.994958 
0.257169 0.245276 
0.356017 0.582551 
0.940714 0.584726 
0.481876 0.886810 
0.619098 0.179758 
0.195231 0.241540 
0.567444 0.027304 
0.900367 0.464594 
0.430125 0.117452 
0.011817 0.610062 
0.316607 0.218740 
0.367876 0.896196 
0.372938 0.966326 
0.037962 0.024883 
0.203928 0.410037 
0.492374 0.334011 
0.728023 0.890605 
0.405174 0.752255 
0.156313 0.155586 
0.934671 0.020797 
0.532163 0.057914 
0.352858 0.488611 
0.085169 0.435456 
0.701260 0.070784 
0.659273 0.397207 
0.854426 0.330976 
0.720546 0.220152 
0.101169 0.344909 
0.889177 0.401081 
0.964535 0.940321 
0.967616 0.728916 
0.898553 0.977708 
0.340966 0.611741 
0.536022 0.916843 
0.388430 0.338471 
0.676599 0.601122 
0.057933 0.672659 
0.385710 0.629845 
0.797146 0.636115 
0.181055 0.996381 
0.167267 0.264161 
0.752090 0.382437 
0.611948 0.007142 
0.030490 0.438508 
0.010381 0.470667 
0.503606 0.097938 
0.036426 0.210441 
0.884281 0.104546 
0.107789 0.607502 
0.280553 0.257796 
0.775108 0.242319 
0.651192 0.587708 
0.608957 0.739937 
0.124804 0.575114 
0.943063 0.058216 
0.441657 0.936915 
0.732924 0.255034 
0.352232 0.961244 
0.633271 0.382491 
0.529057 0.868232 
0.373355 0.978267 
0.740795 0.546039 
0.285823 0.823190 
0.347855 0.393373 
0.424725 0.353858 
0.288977 0.836557 
0.021871 0.585851 
0.402233 0.331175 
0.063979 0.294785 
0.450416 0.139917 
0.585767 0.984439 
0.471626 0.626231 
0.071486 0.468755 
0.369559 0.171272 
0.567790 0.851931 
0.399974 0.369136 
0.076457 0.011318 
0.226017 0.671832 
0.483707 0.662152 
0.796515 0.030829 
0.138938 0.136828 
0.674352 0.830994 
0.508514 0.587298 
0.721196 0.147188 
0.793294 0.894862 
0.947666 0.428145 
0.839221 0.786676 
0.665743 0.143410 
0.295393 0.675262 
0.130152 0.470607 
0.494442 0.089383 
0.263761 0.027830 
0.745620 0.631224 
0.986796 0.075450 
0.084799 0.217022 
0.483228 0.617639 
0.655603 0.721488 
0.051888 0.078208 
0.438623 0.940191 
0.795392 0.152742 
0.130167 0.716293 
0.728688 0.051658 
0.208702 0.656947 
0.312397 0.455817 
0.907988 0.548222 
0.964188 0.114238 
0.001980 0.281784 
0.943297 0.989136 
0.400357 0.799673 
0.100085 0.124300 
0.106912 0.872452 
0.299153 0.871065 
0.991130 0.922684 
0.556888 0.618798 
0.136461 0.507627 
0.683128 0.339733 
0.885050 0.038615 
0.007995 0.364305 
0.872123 0.779059 
0.638332 0.445279 
0.811636 0.168997 
0.325497 0.627753 
0.645525 0.342164 
0.746368 0.199755 
0.283068 0.530075 
0.963308 0.311694 
0.638695 0.554755 
0.760581 0.084846 
0.002030 0.117992 
0.098271 0.639785 
0.873702 0.315154 
0.794348 0.606319 
0.407586 0.296934 
0.561620 0.150535 
0.033404 0.415090 
0.414037 0.727194 
0.953618 0.463569 
0.195834 0.384937 
0.643918 0.327556 
0.238447 0.573711 
0.359403 0.480475 
0.343573 0.434032 
0.783163 0.620279 
0.034560 0.856887 
0.695075 0.132272 
0.092335 0.868714 
0.468959 0.797861 
0.641679 0.701151 
0.248969 0.424487 
0.345912 0.735367 
0.306219 0.620112 
0.221435 0.651241 
0.406855 0.011553 
0.170985 0.740861 
0.658018 0.306300 
0.982972 0.817248 
0.495232 0.364878 
0.499974 0.066814 
0.949195 0.123219 
0.944523 0.599793 
0.718516 0.104015 
0.177354 0.783585 
0.715556 0.351762 
0.063514 0.483575 
0.450968 0.425231 
0.859149 0.717166 
0.409242 0.135439 
0.315574 0.860057 
0.973757 0.937306 
0.305235 0.085694 
0.255625 0.289279 
0.912396 0.643598 
0.951193 0.697193 
0.719602 0.358027 
0.362899 0.235729 
0.899701 0.271587 
0.557808 0.076229 
0.187245 0.021201 
0.332933 0.608147 
0.131212 0.272647 
0.372722 0.334170 
0.402787 0.639695 
0.346903 0.397292 
0.285673 0.303983 
0.043843 0.863028 
0.909711 0.506109 
0.173367 0.786178 
0.294752 0.903666 
0.910037 0.997958 
0.686223 0.352421 
0.137475 0.534597 
0.979635 0.722647 
0.525562 0.112657 
0.424178 0.160895 
0.161495 0.246633 
0.155812 0.730046 
0.876543 0.066345 
0.063439 0.226340 
0.089143 0.230668 
0.843307 0.455381 
0.586591 0.841245 
0.808592 0.006127 
0.972260 0.780076 
0.739810 0.981529 
0.557218 0.158764 
0.343639 0.535390 
0.306862 0.423640 
0.115725 0.993604 
0.507612 0.438844 
0.650751 0.176129 
0.192048 0.744213 
0.991222 0.468518 
0.374651 0.759617 
0.875918 0.561291 
0.625775 0.404149 
0.528467 0.947511 
0.810029 0.160642 
0.916269 0.730361 
0.183315 0.973587 
0.075023 0.910742 
0.840445 0.353428 
0.056911 0.501895 
0.345422 0.510346 
0.377761 0.029620 
0.827741 0.849057 
0.096453 0.083722 
0.122033 0.014001 
0.310037 0.783489 
0.099160 0.589301 
0.385111 0.554529 
0.967891 0.346560 
0.640473 0.429462 
0.963952 0.142254 
0.864506 0.757901 
0.038894 0.690175 
0.766826 0.045364 
0.431033 0.367484 
0.311215 0.582599 
0.737916 0.155364 
0.195600 0.447898 
0.822668 0.581437 
0.206883 0.080465 
0.378639 0.780378 
0.805482 0.735669 
0.391246 0.667202 
0.667424 0.401456 
0.264019 0.363686 
0.469478 0.513352 
0.911782 0.321580 
0.787780 0.216672 
0.609562 0.902251 
0.128112 0.173430 
0.838512 0.865746 
0.595288 0.006776 
0.880701 0.938417 
0.971517 0.287305 
0.729326 0.786423 
0.411986 0.250950 
0.713095 0.990160 
0.612343 0.649491 
0.992816 0.253930 
0.798446 0.483800 
0.230471 0.522343 
0.025738 0.580224 
0.830766 0.686741 
0.054592 0.530262 
0.114767 0.895921 
0.744994 0.120676 
0.209604 0.818323 
0.551730 0.931263 
0.740602 0.297580 
0.422249 0.744527 
0.272198 0.827210 
0.911093 0.733184 
0.626405 0.994573 
0.780324 0.912556 
0.326344 0.868826 
0.356351 0.187774 
0.909969 0.849666 
0.330409 0.183943 
0.531469 0.392757 
0.068858 0.289511 
0.815438 0.064696 
0.347793 0.352584 
0.871969 0.180086 
0.701183 0.785490 
0.734477 0.357564 
0.577860 0.098645 
0.929212 0.271010 
0.864176 0.213364 
0.013648 0.388903 
0.291416 0.825390 
0.328193 0.938440 
0.354602 0.798959 
0.098637 0.793080 
0.302723 0.865202 
0.452970 0.060321 
0.812816 0.997361 
0.652505 0.646510 
0.890208 0.719466 
0.070583 0.287407 
0.445790 0.391043 
0.260039 0.480583 
0.158070 0.680987 
0.343482 0.901465 
0.921951 0.230482 
0.707077 0.843689 
0.888249 0.808480 
0.124613 0.367226 
0.971383 0.037544 
0.008284 0.236110 
0.303714 0.513651 
0.924352 0.591827 
0.839697 0.783965 
0.107641 0.130237 
0.887548 0.016372 
0.166151 0.494195 
0.937862 0.649427 
0.917856 0.407191 
0.651837 0.429530 
0.117645 0.259142 
0.400656 0.832498 
0.790128 0.682791 
0.660747 0.172142 
0.193514 0.381968 
0.735959 0.269422 
0.170552 0.464749 
0.028683 0.083098 
0.624524 0.378764 
0.891376 0.361540 
0.403619 0.632679 
0.441382 0.309793 
0.698743 0.765235 
0.303936 0.249607 
0.145212 0.570404 
0.773421 0.888580 
0.370031 0.113010 
0.354469 0.552180 
0.493492 0.128395 
0.940151 0.112220 
0.087677 0.585987 
0.687627 0.943767 
0.885324 0.637108 
0.876947 0.849835 
0.178237 0.628141 
0.173688 0.168161 
0.280138 0.282396 
0.222208 0.642411 
0.006763 0.664787 
0.073918 0.331888 
0.047465 0.746781 
0.140391 0.545114 
0.731141 0.283851 
0.682546 0.557029 
0.990618 0.320847 
0.478545 0.898859 
0.114866 0.561263 
0.144782 0.354765 
0.536576 0.227703 
0.001152 0.366969 
0.648246 0.062592 
0.984805 0.617588 
0.804345 0.619347 
0.372203 0.620659 
0.411744 0.187413 
0.846576 0.395217 
0.418697 0.039387 
0.974723 0.171700 
0.769936 0.317629 
0.397276 0.025188 
0.331780 0.231904 
0.610687 0.817748 
0.887510 0.387406 
0.131807 0.272477 
0.520010 0.810392 
0.262847 0.666608 
0.688866 0.773875 
0.523063 0.114685 
0.503915 0.302457 
0.402466 0.238490 
0.304709 0.251891 
0.528779 0.183195 
0.959541 0.009084 
0.681523 0.356845 
0.499785 0.880942 
0.993314 0.620319 
0.693971 0.573227 
0.221497 0.699137 
0.395923 0.274958 
0.213098 0.544580 
0.760353 0.251099 
0.216508 0.850915 
0.331148 0.608539 
0.716280 0.509901 
0.912790 0.261920 
0.092509 0.804275 
0.451763 0.775741 
0.885062 0.233163 
0.774332 0.201404 
0.997103 0.307046 
0.525786 0.880349 
0.030768 0.119053 
0.921504 0.722395 
0.297702 0.478737 
0.139891 0.149079 
0.570474 0.961464 
0.324820 0.257940 
0.203036 0.421108 
0.556665 0.866234 
0.792416 0.134557 
0.493824 0.703040 
0.991267 0.227167 
0.990145 0.361524 
0.126456 0.353450 
0.434502 0.674022 
0.279797 0.544610 
0.265897 0.934524 
0.542295 0.356187 
0.430849 0.277180 
0.563264 0.776288 
0.064125 0.749533 
0.409205 0.504829 
0.658295 0.961221 
0.239377 0.217152 
0.668797 0.465742 
0.731063 0.981379 
0.032306 0.963704 
0.977013 0.664430 
0.071797 0.686783 
0.769821 0.374107 
0.618347 0.555527 
0.744520 0.143837 
0.475946 0.228203 
0.412370 0.710945 
0.844958 0.201574 
0.852335 0.185992 
0.970640 0.538778 
0.239855 0.247327 
0.832481 0.506133 
0.571072 0.010420 
0.134805 0.668770 
0.009974 0.627971 
0.305441 0.541873 
0.263634 0.888798 
0.021205 0.385010 
0.860590 0.929025 
0.130624 0.405919 
0.288596 0.437663 
0.805521 0.385187 
0.843822 0.108496 
0.500523 0.287256 
0.905851 0.643430 
0.131195 0.001369 
0.009909 0.542493 
0.671914 0.861711 
0.783586 0.736805 
0.476857 0.531964 
0.718684 0.914018 
0.899422 0.585282 
0.834872 0.698984 
0.826651 0.523715 
0.075507 0.044672 
0.800586 0.453574 
0.221719 0.426203 
0.189855 0.885888 
0.120273 0.425613 
0.285107 0.791188 
0.493110 0.706006 
0.847360 0.584379 
0.661569 0.996062 
0.808693 0.708299 
0.388879 0.892811 
0.474302 0.593528 
0.428571 0.986434 
0.988640 0.069289 
0.534186 0.057477 
0.021319 0.308661 
0.665075 0.916773 
0.205200 0.797970 
0.485963 0.580927 
0.643144 0.328074 
0.945408 0.467625 
0.370030 0.090642 
0.419470 0.032169 
0.671415 0.479631 
0.154796 0.658707 
0.892316 0.156859 
0.335330 0.894829 
0.393332 0.738149 
0.069855 0.056482 
0.295084 0.483202 
0.172271 0.366231 
0.245023 0.107481 
0.425796 0.347166 
0.819261 0.319814 
0.111471 0.496231 
0.147071 0.820619 
0.137672 0.848180 
0.369143 0.193195 
0.028966 0.835003 
0.897200 0.239820 
0.657376 0.514011 
0.976946 0.524128 
0.016064 0.991340 
0.445599 0.187616 
0.264899 0.154945 
0.155272 0.657507 
0.721008 0.975513 
0.446960 0.060016 
0.688454 0.841348 
0.534166 0.720732 
0.344909 0.878463 
0.325849 0.540849 
0.048290 0.609268 
0.973790 0.494473 
0.611911 0.384186 
0.017167 0.521678 
0.835830 0.796871 
0.009251 0.487621 
0.441557 0.254426 
0.133842 0.489684 
0.122821 0.258847 
0.444272 0.872031 
0.228819 0.764794 
0.898664 0.852155 
0.167377 0.108828 
0.077218 0.801273 
0.989392 0.712233 
0.491748 0.807506 
0.745282 0.954226 
0.684486 0.154100 
0.955906 0.911554 
0.496160 0.958465 
0.913658 0.846179 
0.735345 0.943263 
0.423649 0.269012 
0.292723 0.793453 
0.560328 0.429863 
0.710752 0.607901 
0.988558 0.690627 
0.363577 0.646341 
0.048680 0.163187 
0.690648 0.725359 
0.112135 0.660304 
0.724186 0.388965 
0.332706 0.796565 
0.860706 0.879842 
0.502773 0.099740 
0.337780 0.064795 
0.010223 0.820314 
0.020878 0.889208 
0.921151 0.782095 
0.669586 0.727533 
0.644610 0.955444 
0.139500 0.580266 
0.537206 0.813650 
0.013395 0.125770 
0.816685 0.027916 
0.180232 0.165480 
0.220381 0.937882 
0.983253 0.530672 
0.996603 0.914564 
0.083275 0.602779 
0.900202 0.696290 
0.541392 0.180912 
0.580404 0.846681 
0.168015 0.832316 
0.734549 0.568006 
0.475250 0.528986 
0.675916 0.117483 
0.529852 0.227797 
0.588489 0.729622 
0.764088 0.023699 
0.303130 0.700800 
0.346361 0.282358 
0.589939 0.099121 
0.919599 0.696579 
0.407109 0.276102 
0.454055 0.302899 
0.821652 0.510130 
0.748807 0.193401 
0.485130 0.579936 
0.985508 0.431328 
0.333253 0.985489 
0.114689 0.577420 
0.705364 0.047652 
0.880529 0.054603 
0.716569 0.371814 
0.080616 0.911385 
0.644763 0.533035 
0.715412 0.926315 
0.582204 0.104990 
0.564534 0.128986 
0.874592 0.261289 
0.481432 0.424195 
0.444272 0.881728 
0.204139 0.959789 
0.166178 0.950762 
0.457809 0.397108 
0.190602 0.449519 
0.073890 0.871307 
0.048633 0.373569 
0.580127 0.193192 
0.983025 0.708187 
0.493959 0.963546 
0.313692 0.223587 
0.825048 0.588240 
0.546162 0.344040 
0.288404 0.213512 
0.498317 0.216656 
0.335474 0.317372 
0.074123 0.787160 
0.797090 0.696082 
0.045784 0.485526 
0.241272 0.058508 
0.345261 0.806538 
0.491940 0.036540 
0.132065 0.620479 
0.390515 0.391980 
0.012838 0.767491 
0.216504 0.786770 
0.247437 0.667318 
0.619798 0.949624 
0.323299 0.684246 
0.117290 0.290933 
0.708788 0.592714 
0.748476 0.641186 
0.421314 0.029843 
0.574318 0.566694 
0.431452 0.405676 
0.191789 0.404006 
0.132354 0.469830 
0.440191 0.294903 
0.431630 0.404834 
0.050659 0.430735 
0.366708 0.268414 
0.227902 0.356372 
0.537511 0.939108 
0.584699 0.028854 
0.953481 0.160628 
0.675522 0.496460 
0.007999 0.436879 
0.622033 0.507211 
0.701005 0.795872 
