5000
0.064037 0.274318 
0.456904 0.190832 
0.318978 0.066339 
0.965469 0.636308 
0.421720 0.848317 
0.663029 0.524286 
0.682086 0.812719 
0.376184 0.520455 
0.293254 0.725931 
0.715607 0.207849 
0.324470 0.371744 
0.895649 0.169495 
0.709745 0.692511 
0.026297 0.972791 
0.697997 0.234803 
0.333616 0.081691 
0.975545 0.986643 
0.511273 0.964656 
0.978495 0.564556 
0.489344 0.400509 
0.352744 0.568106 
0.158874 0.201047 
0.004037 0.851162 
0.483499 0.165879 
0.920418 0.465245 
0.365504 0.028859 
0.037043 0.589592 
0.273547 0.503919 
0.363793 0.264111 
0.917400 0.745793 
0.548730 0.511922 
0.871852 0.222327 
0.655017 0.869748 
0.862627 0.165893 
0.156360 0.934944 
0.599152 0.954386 
0.370950 0.552182 
0.527592 0.238538 
0.112539 0.450845 
0.354530 0.591162 
0.661020 0.757338 
0.579764 0.094056 
0.795499 0.946968 
0.694250 0.258827 
0.106032 0.071903 
0.478005 0.823393 
0.764198 0.874040 
0.993154 0.933495 
0.245150 0.243696 
0.796607 0.575464 
0.831420 0.670033 
0.240339 0.371271 
0.950405 0.453888 
0.498312 0.123733 
0.587316 0.015382 
0.521107 0.241750 
0.094671 0.135353 
0.885000 0.199300 
0.632518 0.738342 
0.314676 0.754984 
0.017272 0.286547 
0.001670 0.063842 
0.989950 0.097959 
0.394952 0.956516 
0.164090 0.867090 
0.174935 0.127827 
0.394422 0.050476 
0.343460 0.523882 
0.881362 0.051712 
0.131462 0.488320 
0.202305 0.140971 
0.296347 0.712127 
0.712619 0.979816 
0.765414 0.312987 
0.372241 0.257068 
0.538525 0.989792 
0.440703 0.895895 
0.303892 0.519399 
0.538040 0.838237 
0.257463 0.172563 
0.258988 0.803272 
0.597520 0.518219 
0.711608 0.001063 
0.873220 0.214463 
0.475193 0.561976 
0.129888 0.035083 
0.636852 0.573477 
0.429344 0.990932 
0.597401 0.518386 
0.518293 0.951110 
0.298261 0.866123 
0.929106 0.486418 
0.223111 0.820981 
0.234617 0.205126 
0.560872 0.570867 
0.558858 0.734092 
0.876391 0.504743 
0.219229 0.581964 
0.066364 0.382794 
0.625785 0.564315 
0.449302 0.410429 
0.084979 0.242156 
0.916017 0.498432 
0.149746 0.774532 
0.565138 0.280758 
0.696499 0.059236 
0.575153 0.594256 
0.659879 0.582491 
0.921142 0.630913 
0.754132 0.699524 
0.900011 0.490718 
0.504898 0.819415 
0.907470 0.844978 
0.550724 0.016139 
0.250626 0.270325 
0.350773 0.447076 
0.001746 0.345230 
0.277390 0.090546 
0.805101 0.337996 
0.694790 0.340969 
0.658433 0.290466 
0.858196 0.695117 
0.827809 0.987105 
0.269302 0.164833 
0.355017 0.763527 
0.603239 0.635222 
0.175370 0.438267 
0.948495 0.358621 
0.341386 0.679469 
0.840209 0.392737 
0.728465 0.316492 
0.273160 0.994508 
0.702336 0.160693 
0.760476 0.316955 
0.062604 0.187367 
0.078621 0.381294 
0.402062 0.453842 
0.722319 0.020501 
0.564015 0.396151 
0.116750 0.219467 
0.573929 0.019811 
0.967065 0.463974 
0.018033 0.085635 
0.269643 0.895653 
0.242695 0.982678 
0.869089 0.780981 
0.944762 0.623267 
0.243098 0.755313 
0.540974 0.158201 
0.881574 0.612601 
0.983538 0.331445 
0.591228 0.775252 
0.660698 0.353880 
0.654688 0.334322 
0.947367 0.389216 
0.549703 0.856034 
0.364805 0.285275 
0.612868 0.469559 
0.870844 0.272673 
0.820320 0.111812 
0.226769 0.299389 
0.837978 0.892117 
0.814319 0.256006 
0.684589 0.884440 
0.777024 0.447844 
0.912477 0.999751 
0.819122 0.987423 
0.614462 0.264926 
0.610705 0.126827 
0.577840 0.752790 
0.142816 0.316217 
0.656197 0.696376 
0.988245 0.440268 
0.580713 0.037920 
0.314428 0.598133 
0.825704 0.609349 
0.322501 0.269966 
0.321479 0.102770 
0.262423 0.539298 
0.987498 0.874664 
0.479573 0.179685 
0.971069 0.758408 
0.560973 0.266919 
0.112927 0.963464 
0.946480 0.492763 
0.864498 0.620744 
0.839157 0.706903 
0.923264 0.299528 
0.171292 0.910585 
0.207051 0.913087 
0.244915 0.281456 
0.423679 0.780207 
0.946431 0.666283 
0.210995 0.187509 
0.467925 0.421098 
0.395269 0.293967 
0.699462 0.851536 
0.767854 0.326699 
0.837192 0.678975 
0.539664 0.124623 
0.546614 0.949025 
0.267134 0.727958 
0.793959 0.067223 
0.823299 0.182528 
0.744745 0.935565 
0.035084 0.650306 
0.686935 0.314893 
0.410509 0.424282 
0.909228 0.387988 
0.919558 0.008782 
0.603211 0.169177 
0.363161 0.652541 
0.250439 0.135167 
0.759759 0.266663 
0.804049 0.650362 
0.635898 0.534781 
0.067036 0.670078 
0.002298 0.627249 
0.173363 0.713432 
0.651012 0.552196 
0.757061 0.926487 
0.460586 0.072713 
0.089931 0.474505 
0.009167 0.070837 
0.550383 0.289765 
0.076411 0.234997 
0.598198 0.913108 
0.601171 0.881572 
0.577946 0.534213 
0.511078 0.688444 
0.681925 0.109421 
0.040319 0.641721 
0.409837 0.127223 
0.242017 0.574007 
0.341481 0.279500 
0.557155 0.100412 
0.620086 0.783275 
0.508172 0.842892 
0.483917 0.197198 
0.310815 0.865179 
0.065126 0.573692 
0.035469 0.131424 
0.839288 0.905072 
0.547206 0.899557 
0.857895 0.646256 
0.616838 0.193309 
0.941347 0.225074 
0.813284 0.858206 
0.864605 0.410149 
0.375962 0.796559 
0.772127 0.135156 
0.561736 0.097547 
0.478187 0.884724 
0.559257 0.429449 
0.744156 0.035012 
0.444638 0.027596 
0.803798 0.440386 
0.565824 0.808655 
0.070771 0.452195 
0.038870 0.293206 
0.907136 0.232212 
0.779041 0.347668 
0.263366 0.385575 
0.361747 0.883067 
0.702532 0.455524 
0.985444 0.357151 
0.640293 0.399412 
0.925432 0.741318 
0.338081 0.127032 
0.019274 0.943606 
0.181908 0.328177 
0.664133 0.086666 
0.588021 0.870163 
0.834176 0.002201 
0.998448 0.923508 
0.400593 0.761506 
0.633047 0.628080 
0.142094 0.172306 
0.942620 0.608507 
0.172644 0.632061 
0.055900 0.506457 
0.014664 0.461274 
0.638631 0.474778 
0.598120 0.595225 
0.953026 0.501367 
0.482231 0.859105 
0.973692 0.845520 
0.652251 0.387642 
0.103572 0.726893 
0.886944 0.872591 
0.644325 0.169282 
0.125926 0.434715 
0.259579 0.738981 
0.055710 0.320036 
0.851137 0.066001 
0.282570 0.154506 
0.773957 0.897224 
0.651065 0.441992 
0.551271 0.206778 
0.311385 0.445469 
0.997743 0.071012 
0.496557 0.637809 
0.655108 0.407959 
0.562584 0.347127 
0.170588 0.073319 
0.275552 0.197346 
0.800132 0.826378 
0.938746 0.503852 
0.245138 0.041901 
0.226278 0.047837 
0.996418 0.799583 
0.596678 0.372886 
0.102545 0.475360 
0.376683 0.906167 
0.955578 0.404898 
0.113809 0.786952 
0.304886 0.219634 
0.394967 0.210161 
0.172266 0.279977 
0.567060 0.581225 
0.642692 0.719442 
0.670068 0.841099 
0.343427 0.970542 
0.896665 0.244223 
0.649835 0.779101 
0.349913 0.992515 
0.203135 0.097641 
0.055490 0.615933 
0.989076 0.401086 
0.054883 0.412547 
0.675456 0.386039 
0.163542 0.642555 
0.424015 0.426033 
0.333731 0.011634 
0.536412 0.481070 
0.340555 0.701566 
0.219048 0.531691 
0.134200 0.497706 
0.947419 0.262905 
0.639144 0.100572 
0.313633 0.223056 
0.902674 0.248245 
0.254647 0.847642 
0.327065 0.982731 
0.754048 0.284837 
0.260964 0.028284 
0.365702 0.346348 
0.063908 0.107196 
0.643367 0.077117 
0.097449 0.818300 
0.166775 0.982078 
0.781619 0.673541 
0.200143 0.799029 
0.288660 0.508381 
0.358779 0.993712 
0.309720 0.461480 
0.087845 0.414155 
0.708901 0.505416 
0.531596 0.537088 
0.844355 0.080529 
0.447783 0.894540 
0.537336 0.012891 
0.658014 0.243728 
0.338356 0.752698 
0.587427 0.890815 
0.921280 0.945108 
0.425784 0.148455 
0.074820 0.500683 
0.984622 0.536073 
0.773330 0.357813 
0.762510 0.512436 
0.516515 0.075448 
0.047279 0.624865 
0.111314 0.848906 
0.569467 0.031149 
0.519998 0.600755 
0.891654 0.022448 
0.286432 0.070654 
0.482298 0.977595 
0.433609 0.668931 
0.718555 0.751843 
0.217767 0.014130 
0.480226 0.159839 
0.410163 0.601683 
0.477907 0.185224 
0.063610 0.101630 
0.099440 0.291963 
0.022023 0.146898 
0.907261 0.327573 
0.522599 0.316185 
0.121836 0.690815 
0.523662 0.185210 
0.832044 0.161555 
0.249167 0.751860 
0.505003 0.582492 
0.951156 0.078330 
0.500543 0.622780 
0.062367 0.199198 
0.921001 0.265604 
0.009186 0.392234 
0.281191 0.977926 
0.002728 0.854369 
0.376144 0.847317 
0.859634 0.867774 
0.676410 0.430527 
0.863813 0.111348 
0.420216 0.564926 
0.708459 0.062328 
0.543552 0.474337 
0.185343 0.053034 
0.349687 0.194316 
0.862247 0.789937 
0.477266 0.413479 
0.344278 0.272480 
0.576869 0.432423 
0.735513 0.759817 
0.242846 0.512364 
0.302199 0.066853 
0.592304 0.846346 
0.545059 0.798433 
0.267949 0.418274 
0.927557 0.455100 
0.859817 0.936407 
0.196226 0.965701 
0.535389 0.284697 
0.908624 0.241453 
0.096431 0.710796 
0.346428 0.420398 
0.631250 0.424626 
0.693932 0.913339 
0.481352 0.080791 
0.851400 0.472568 
0.450344 0.930720 
0.602885 0.695344 
0.650294 0.489750 
0.220321 0.934416 
0.734208 0.838681 
0.711289 0.630452 
0.012241 0.730266 
0.581664 0.028319 
0.957046 0.078544 
0.090843 0.793864 
0.470292 0.195317 
0.694561 0.478577 
0.444607 0.507909 
0.431590 0.735782 
0.279764 0.998557 
0.742881 0.595589 
0.063941 0.653265 
0.429460 0.927262 
0.493103 0.586756 
0.606082 0.426085 
0.209509 0.221665 
0.527571 0.889482 
0.527188 0.453475 
0.558647 0.172373 
0.081309 0.567455 
0.213392 0.474355 
0.492340 0.754312 
0.724056 0.204390 
0.189902 0.682980 
0.849382 0.560863 
0.425093 0.536017 
0.829360 0.059034 
0.182179 0.885424 
0.328942 0.532148 
0.807939 0.035905 
0.454620 0.799955 
0.849893 0.144848 
0.465742 0.720216 
0.670004 0.763329 
0.274621 0.561622 
0.186998 0.867959 
0.780286 0.265002 
0.889753 0.084467 
0.644435 0.026550 
0.226892 0.378120 
0.063735 0.199324 
0.041258 0.430866 
0.558233 0.216774 
0.319013 0.649013 
0.953796 0.452545 
0.924042 0.369142 
0.174451 0.995964 
0.160256 0.430134 
0.262287 0.250124 
0.842155 0.095949 
0.609236 0.426578 
0.503864 0.443388 
0.025612 0.464694 
0.114329 0.523309 
0.254732 0.283852 
0.695029 0.359801 
0.181107 0.867808 
0.242288 0.138761 
0.151029 0.350486 
0.622550 0.189934 
0.222389 0.696816 
0.390879 0.509485 
0.919553 0.934400 
0.468073 0.896195 
0.352308 0.232716 
0.262333 0.023135 
0.829490 0.233622 
0.482766 0.846618 
0.102698 0.040132 
0.493697 0.570699 
0.731661 0.023503 
0.009801 0.731087 
0.382386 0.765495 
0.669203 0.292473 
0.592140 0.102586 
0.158829 0.440183 
0.163349 0.412949 
0.434974 0.600592 
0.146242 0.881745 
0.495460 0.190877 
0.063086 0.284623 
0.652687 0.714900 
0.332351 0.830875 
0.524005 0.944972 
0.146463 0.609187 
0.603205 0.070862 
0.985467 0.738483 
0.687482 0.513131 
0.194460 0.292194 
0.905476 0.328912 
0.023739 0.981684 
0.158570 0.083400 
0.707446 0.042190 
0.079534 0.734869 
0.946396 0.084791 
0.084873 0.467675 
0.221774 0.348126 
0.946684 0.926027 
0.729863 0.807879 
0.020379 0.505844 
0.720163 0.784725 
0.866423 0.978601 
0.351950 0.220938 
0.299597 0.328523 
0.482554 0.276807 
0.297543 0.806940 
0.243624 0.581767 
0.753838 0.750887 
0.161955 0.978679 
0.650532 0.496898 
0.357077 0.393012 
0.353654 0.860839 
0.128444 0.756222 
0.820466 0.565833 
0.952543 0.393006 
0.256043 0.321546 
0.218865 0.471776 
0.147481 0.706861 
0.212090 0.592257 
0.071270 0.831748 
0.180955 0.310784 
0.347684 0.523498 
0.438577 0.171446 
0.496152 0.819969 
0.220959 0.654398 
0.462610 0.094230 
0.721888 0.767484 
0.102693 0.964255 
0.234841 0.977100 
0.118632 0.845136 
0.200490 0.633533 
0.788956 0.986840 
0.821577 0.239832 
0.850413 0.893555 
0.982218 0.129632 
0.719975 0.619670 
0.801058 0.385858 
0.110749 0.355223 
0.234013 0.062324 
0.481270 0.696619 
0.078189 0.115285 
0.588012 0.717111 
0.481191 0.384521 
0.636469 0.127413 
0.434745 0.756991 
0.754644 0.307568 
0.287821 0.405678 
0.236047 0.250198 
0.080451 0.136326 
0.238919 0.509102 
0.468935 0.384808 
0.471834 0.119062 
0.070957 0.567998 
0.336935 0.861657 
0.863057 0.393701 
0.934466 0.562097 
0.168986 0.153481 
0.558707 0.196149 
0.670914 0.055256 
0.695799 0.289449 
0.762463 0.707604 
0.696534 0.646534 
0.302313 0.973239 
0.224428 0.968753 
0.837443 0.905958 
0.441351 0.781114 
0.189616 0.870115 
0.028874 0.289953 
0.233216 0.659534 
0.782932 0.737070 
0.930217 0.164173 
0.259119 0.012085 
0.112854 0.741486 
0.162391 0.300177 
0.067500 0.475363 
0.427640 0.348706 
0.701831 0.675907 
0.961292 0.430214 
0.612382 0.307806 
0.293865 0.995606 
0.154293 0.199975 
0.982429 0.680236 
0.731397 0.597401 
0.523708 0.963989 
0.762729 0.180350 
0.147844 0.821353 
0.476757 0.851118 
0.742537 0.825786 
0.986539 0.764005 
0.627302 0.067894 
0.088003 0.072523 
0.886324 0.453996 
0.304606 0.519086 
0.273257 0.631229 
0.068433 0.146118 
0.803915 0.396548 
0.778282 0.580911 
0.377995 0.959350 
0.792697 0.859805 
0.748794 0.972368 
0.594917 0.774427 
0.788482 0.019009 
0.487913 0.351438 
0.617355 0.888327 
0.108597 0.181979 
0.523349 0.931298 
0.331023 0.508317 
0.287756 0.310480 
0.232588 0.108226 
0.956940 0.287425 
0.747262 0.226642 
0.177050 0.683665 
0.352055 0.988844 
0.502099 0.770359 
0.419504 0.600833 
0.207102 0.762341 
0.673382 0.526178 
0.466795 0.418674 
0.645658 0.571677 
0.179151 0.999099 
0.863450 0.998531 
0.304635 0.005604 
0.188319 0.080478 
0.595233 0.088664 
0.182774 0.878070 
0.724541 0.362684 
0.627178 0.982495 
0.792050 0.989581 
0.889472 0.361449 
0.877736 0.104738 
0.338530 0.669523 
0.668766 0.949554 
0.156246 0.032353 
0.762855 0.300561 
0.523879 0.836767 
0.549396 0.692337 
0.099869 0.494586 
0.511527 0.236124 
0.540970 0.081698 
0.099695 0.570576 
0.678499 0.531699 
0.265182 0.914129 
0.758091 0.231513 
0.031630 0.601514 
0.652330 0.702958 
0.607322 0.268552 
0.545416 0.800045 
0.363098 0.581572 
0.487972 0.347273 
0.617056 0.865128 
0.210033 0.018035 
0.109177 0.935310 
0.756462 0.862292 
0.546528 0.498322 
0.291186 0.969831 
0.946855 0.799329 
0.329562 0.945422 
0.701962 0.874482 
0.425199 0.321720 
0.148792 0.747372 
0.089529 0.722149 
0.151691 0.467006 
0.976064 0.700343 
0.659222 0.551466 
0.486425 0.353044 
0.611340 0.794176 
0.714617 0.562547 
0.731278 0.593577 
0.246121 0.555321 
0.276202 0.120719 
0.932573 0.753040 
0.348973 0.195850 
0.646925 0.871376 
0.215717 0.551613 
0.956983 0.018165 
0.299003 0.339970 
0.881218 0.627855 
0.352323 0.497615 
0.421848 0.996475 
0.760505 0.806307 
0.594346 0.165743 
0.636770 0.185580 
0.044146 0.965515 
0.417606 0.707573 
0.172026 0.247049 
0.144830 0.158698 
0.229712 0.762004 
0.001354 0.750363 
0.354824 0.532614 
0.647386 0.623692 
0.393309 0.336249 
0.341358 0.211977 
0.693510 0.820026 
0.180135 0.531099 
0.184083 0.878448 
0.076203 0.748483 
0.749723 0.587360 
0.764451 0.134348 
0.982743 0.957448 
0.820413 0.687683 
0.886562 0.453435 
0.876641 0.706439 
0.122323 0.877659 
0.810789 0.932940 
0.930394 0.125155 
0.476658 0.196052 
0.051865 0.701486 
0.867191 0.878007 
0.671292 0.401769 
0.529733 0.223691 
0.575541 0.119163 
0.766156 0.784447 
0.205327 0.938881 
0.779447 0.172419 
0.845382 0.338636 
0.449787 0.569435 
0.492194 0.301755 
0.595848 0.408969 
0.539411 0.881025 
0.390203 0.142435 
0.909903 0.742023 
0.181866 0.629509 
0.154248 0.443948 
0.432094 0.206112 
0.128654 0.282267 
0.066309 0.454063 
0.431079 0.147547 
0.814097 0.520667 
0.855215 0.598684 
0.076660 0.431841 
0.947863 0.733503 
0.982514 0.116031 
0.127859 0.927390 
0.642310 0.310296 
0.139216 0.797463 
0.953342 0.822782 
0.496674 0.608246 
0.792491 0.404322 
0.447648 0.621723 
0.305971 0.449299 
0.366453 0.974147 
0.495851 0.760926 
0.879325 0.818078 
0.430834 0.024294 
0.314253 0.657117 
0.161062 0.974558 
0.399976 0.399190 
0.181563 0.535755 
0.442524 0.498024 
0.286982 0.313479 
0.637028 0.529027 
0.359659 0.784806 
0.233221 0.737923 
0.265418 0.879977 
0.769939 0.360823 
0.354329 0.210961 
0.621858 0.574287 
0.046436 0.456985 
0.541883 0.424270 
0.701899 0.820443 
0.178968 0.908137 
0.066325 0.721372 
0.104233 0.847326 
0.009352 0.185661 
0.406224 0.407550 
0.701065 0.800582 
0.383724 0.246960 
0.648702 0.737427 
0.938294 0.909535 
0.552414 0.417509 
0.070766 0.359014 
0.949965 0.056240 
0.218665 0.105483 
0.850969 0.234468 
0.700047 0.682567 
0.908128 0.907332 
0.531206 0.982113 
0.369896 0.842924 
0.029791 0.694846 
0.270827 0.794580 
0.514401 0.539020 
0.303361 0.587696 
0.405002 0.865178 
0.050107 0.152676 
0.028856 0.981821 
0.458959 0.722394 
0.268588 0.158166 
0.288092 0.970588 
0.676351 0.433291 
0.318848 0.881194 
0.220406 0.363535 
0.928937 0.637330 
0.601328 0.526306 
0.616542 0.218321 
0.315558 0.589914 
0.683924 0.708400 
0.078631 0.558960 
0.441391 0.450261 
0.538964 0.369558 
0.156504 0.355984 
0.024688 0.927175 
0.037359 0.900472 
0.238127 0.208297 
0.839514 0.718212 
0.993732 0.657821 
0.999221 0.901366 
0.254723 0.130087 
0.372106 0.982036 
0.081965 0.589894 
0.351154 0.853186 
0.495937 0.214001 
0.711223 0.524618 
0.248927 0.720661 
0.152624 0.148742 
0.899855 0.862451 
0.221808 0.928905 
0.102867 0.885776 
0.238853 0.399033 
0.543678 0.592724 
0.913073 0.012409 
0.556845 0.900768 
0.202088 0.497342 
0.826775 0.609536 
0.474501 0.930301 
0.564545 0.315551 
0.472385 0.380959 
0.783277 0.529600 
0.993356 0.331289 
0.981259 0.027511 
0.375431 0.873285 
0.305286 0.949028 
0.320573 0.867976 
0.067099 0.730324 
0.557996 0.235852 
0.965385 0.223851 
0.270943 0.733399 
0.239120 0.889882 
0.241892 0.482653 
0.945272 0.180908 
0.527552 0.571998 
0.565274 0.567975 
0.957395 0.936621 
0.782957 0.155553 
0.387287 0.136356 
0.740323 0.609037 
0.079506 0.264160 
0.737666 0.958293 
0.031339 0.714949 
0.140471 0.896728 
0.307153 0.322994 
0.560330 0.458930 
0.242097 0.926067 
0.415148 0.388146 
0.577995 0.370045 
0.352238 0.070039 
0.140064 0.052075 
0.224541 0.865599 
0.125004 0.945477 
0.639224 0.445377 
0.451769 0.885569 
0.754843 0.642650 
0.011633 0.524047 
0.651365 0.484146 
0.034358 0.446812 
0.576177 0.803706 
0.891454 0.659097 
0.448129 0.705862 
0.422704 0.388386 
0.599121 0.433291 
0.321940 0.838620 
0.684508 0.530337 
0.371995 0.126208 
0.183952 0.677869 
0.938622 0.422015 
0.798879 0.759381 
0.915236 0.364384 
0.195977 0.790536 
0.545397 0.491045 
0.988146 0.772242 
0.063464 0.631205 
0.670462 0.449591 
0.273281 0.037339 
0.564259 0.506287 
0.159260 0.688497 
0.570460 0.726047 
0.668153 0.649849 
0.007067 0.782606 
0.264340 0.764178 
0.541733 0.898669 
0.931514 0.960549 
0.946795 0.789556 
0.061060 0.235541 
0.744641 0.179977 
0.873061 0.531247 
0.665292 0.566499 
0.142709 0.517107 
0.012534 0.656120 
0.413219 0.973266 
0.680878 0.515633 
0.251044 0.298952 
0.492171 0.918779 
0.925723 0.618133 
0.953855 0.449030 
0.841379 0.061185 
0.343848 0.051700 
0.919696 0.338849 
0.033497 0.985701 
0.680438 0.114463 
0.779393 0.258307 
0.363265 0.392609 
0.573028 0.888872 
0.278190 0.537626 
0.875782 0.268064 
0.343858 0.221876 
0.077362 0.220975 
0.921966 0.476512 
0.728985 0.052598 
0.013797 0.879355 
0.325594 0.261782 
0.762623 0.399358 
0.014161 0.007418 
0.676786 0.740271 
0.733219 0.211786 
0.494974 0.036003 
0.107823 0.184634 
0.140126 0.105465 
0.553136 0.563940 
0.139510 0.751797 
0.450908 0.415496 
0.248336 0.785312 
0.745172 0.104769 
0.858232 0.304807 
0.884581 0.152914 
0.031879 0.798162 
0.713550 0.633220 
0.522412 0.183829 
0.621349 0.017107 
0.522712 0.221014 
0.577941 0.447763 
0.544670 0.272055 
0.432568 0.162517 
0.417147 0.986891 
0.670174 0.619124 
0.624288 0.410059 
0.868236 0.436287 
0.673622 0.563191 
0.551750 0.267179 
0.474007 0.633614 
0.144562 0.647124 
0.219434 0.029182 
0.463605 0.814219 
0.580192 0.287240 
0.650430 0.776176 
0.195900 0.495664 
0.618349 0.590488 
0.323819 0.432812 
0.266086 0.099453 
0.503056 0.859245 
0.333648 0.618619 
0.125501 0.289772 
0.203574 0.460979 
0.673473 0.060451 
0.003245 0.530431 
0.958870 0.728132 
0.719080 0.578617 
0.823680 0.586634 
0.565263 0.369373 
0.054483 0.695965 
0.077209 0.654137 
0.078975 0.332175 
0.869268 0.783442 
0.312579 0.515442 
0.027809 0.381670 
0.729462 0.072498 
0.468365 0.809958 
0.957980 0.767440 
0.371710 0.334842 
0.697748 0.054778 
0.658658 0.057133 
0.233335 0.668977 
0.504651 0.670359 
0.727539 0.750680 
0.687086 0.858432 
0.665504 0.131574 
0.367502 0.609078 
0.779278 0.320873 
0.920734 0.783889 
0.815571 0.293717 
0.493696 0.548793 
0.557392 0.084206 
0.248082 0.515590 
0.515624 0.087614 
0.526860 0.941833 
0.386725 0.680271 
0.312404 0.568180 
0.396012 0.773833 
0.804132 0.053466 
0.599018 0.701339 
0.404037 0.647634 
0.786264 0.738999 
0.360939 0.293774 
0.458703 0.421146 
0.204829 0.562772 
0.513989 0.621182 
0.210892 0.464933 
0.132293 0.445288 
0.959883 0.757780 
0.001510 0.378552 
0.322536 0.867071 
0.865488 0.255222 
0.515588 0.482909 
0.259659 0.096614 
0.784282 0.419672 
0.430872 0.665908 
0.913663 0.937036 
0.757528 0.765449 
0.893031 0.163872 
0.189917 0.934402 
0.500826 0.381839 
0.560581 0.683518 
0.893221 0.367330 
0.711209 0.282462 
0.338224 0.536387 
0.058892 0.797649 
0.083671 0.254981 
0.468603 0.818812 
0.769974 0.947996 
0.976885 0.500259 
0.848006 0.436274 
0.459391 0.979316 
0.367266 0.637118 
0.036417 0.063806 
0.392282 0.083230 
0.838917 0.680542 
0.861238 0.829866 
0.565773 0.944859 
0.245094 0.292784 
0.823810 0.773212 
0.381741 0.917920 
0.480241 0.403356 
0.208441 0.261283 
0.376762 0.237816 
0.978693 0.894864 
0.975106 0.599631 
0.991481 0.814039 
0.547677 0.814317 
0.233818 0.774959 
0.743351 0.503900 
0.052726 0.163184 
0.628264 0.237650 
0.182112 0.760102 
0.036536 0.065291 
0.340071 0.565906 
0.189055 0.442768 
0.607713 0.831839 
0.713006 0.490502 
0.867530 0.580073 
0.289137 0.526966 
0.714999 0.982620 
0.888883 0.462243 
0.911790 0.446144 
0.343216 0.430980 
0.485061 0.425601 
0.082521 0.935542 
0.649345 0.547341 
0.167420 0.825841 
0.911679 0.582866 
0.221228 0.182688 
0.437603 0.800020 
0.936318 0.694447 
0.574147 0.696929 
0.286833 0.801739 
0.820066 0.846159 
0.396870 0.197002 
0.004675 0.568107 
0.175239 0.246562 
0.974766 0.888588 
0.499792 0.009537 
0.290710 0.971368 
0.774289 0.471705 
0.939888 0.689226 
0.822086 0.794202 
0.152072 0.867215 
0.290762 0.842701 
0.270856 0.279041 
0.835025 0.264069 
0.205177 0.412459 
0.197595 0.973966 
0.454946 0.279494 
0.453808 0.143919 
0.851806 0.308283 
0.316802 0.486836 
0.259760 0.788612 
0.201776 0.245488 
0.920193 0.680498 
0.138074 0.606704 
0.878397 0.214019 
0.019590 0.245008 
0.854227 0.994509 
0.714545 0.359642 
0.504778 0.811161 
0.179494 0.763698 
0.468222 0.410252 
0.104455 0.574760 
0.985560 0.310042 
0.869955 0.328644 
0.516901 0.551768 
0.566968 0.028982 
0.095480 0.737865 
0.296153 0.451066 
0.073206 0.376585 
0.263045 0.991571 
0.334319 0.894562 
0.903759 0.480594 
0.343594 0.784255 
0.967645 0.202842 
0.169314 0.657994 
0.899704 0.331803 
0.609550 0.703578 
0.041360 0.132326 
0.004913 0.569424 
0.316343 0.779193 
0.899863 0.999155 
0.792354 0.087068 
0.344721 0.731112 
0.798960 0.127344 
0.273687 0.863045 
0.193886 0.643196 
0.202616 0.372468 
0.073143 0.311721 
0.100052 0.575828 
0.938719 0.051472 
0.097908 0.543067 
0.331352 0.035980 
0.717530 0.526677 
0.858314 0.682036 
0.983774 0.288277 
0.071544 0.447231 
0.618446 0.215469 
0.383234 0.010254 
0.334327 0.028189 
0.779954 0.685865 
0.335946 0.252066 
0.476792 0.442619 
0.105490 0.964827 
0.846210 0.246274 
0.124686 0.605898 
0.325575 0.936283 
0.106014 0.774008 
0.755175 0.218014 
0.164226 0.154683 
0.749644 0.274268 
0.617432 0.184601 
0.580909 0.335889 
0.286050 0.636064 
0.322096 0.461056 
0.971946 0.494882 
0.482250 0.173819 
0.371229 0.246736 
0.891356 0.023793 
0.890372 0.485000 
0.394939 0.739663 
0.515057 0.554822 
0.897079 0.213213 
0.473287 0.538250 
0.359885 0.579069 
0.410601 0.976149 
0.142625 0.100510 
0.278267 0.825987 
0.363391 0.504993 
0.411275 0.298965 
0.700697 0.611607 
0.273927 0.892248 
0.004129 0.397590 
0.298134 0.732702 
0.517285 0.009219 
0.949049 0.668666 
0.274179 0.125014 
0.112242 0.446414 
0.883582 0.368780 
0.089864 0.337185 
0.069332 0.261021 
0.971862 0.087591 
0.146413 0.758414 
0.656407 0.238708 
0.964226 0.743173 
0.510173 0.481081 
0.526548 0.697101 
0.179529 0.352076 
0.347597 0.062769 
0.962723 0.482901 
0.118229 0.077244 
0.240504 0.153138 
0.794125 0.854452 
0.770404 0.172737 
0.192178 0.930126 
0.626988 0.790612 
0.815147 0.181793 
0.395619 0.169645 
0.220061 0.569595 
0.188996 0.461256 
0.322164 0.612777 
0.941311 0.618491 
0.977014 0.667709 
0.186130 0.285413 
0.944226 0.603580 
0.362246 0.267221 
0.188836 0.769031 
0.112270 0.915574 
0.047830 0.885425 
0.330672 0.601999 
0.796716 0.397584 
0.196180 0.189936 
0.246753 0.173951 
0.590247 0.287346 
0.423963 0.554347 
0.917963 0.202059 
0.002019 0.931701 
0.104300 0.966301 
0.624612 0.856602 
0.908836 0.803319 
0.390730 0.004585 
0.066618 0.650584 
0.365499 0.946956 
0.494091 0.179895 
0.499916 0.094779 
0.955908 0.942203 
0.598138 0.908906 
0.987574 0.162681 
0.179519 0.169980 
0.857880 0.393738 
0.550103 0.587588 
0.594841 0.490159 
0.095137 0.963664 
0.294515 0.911615 
0.509675 0.102029 
0.802882 0.038263 
0.092590 0.157893 
0.701449 0.249847 
0.177279 0.523477 
0.079363 0.850046 
0.723073 0.696214 
0.270296 0.865664 
0.208815 0.561455 
0.375453 0.232946 
0.124341 0.791610 
0.587385 0.186371 
0.336507 0.665662 
0.786060 0.302182 
0.777418 0.061822 
0.050321 0.745880 
0.000459 0.719320 
0.614277 0.152598 
0.715419 0.047139 
0.262577 0.139954 
0.205271 0.989598 
0.166510 0.536074 
0.794931 0.402108 
0.233200 0.386800 
0.954091 0.402802 
0.890420 0.291484 
0.969394 0.601299 
0.035201 0.620336 
0.984353 0.019780 
0.445766 0.994982 
0.658733 0.317648 
0.709494 0.462170 
0.694899 0.161617 
0.294089 0.756568 
0.638385 0.337556 
0.303325 0.976175 
0.568387 0.887723 
0.963399 0.851814 
0.433873 0.103688 
0.685442 0.218427 
0.104471 0.839839 
0.170445 0.662304 
0.349923 0.154975 
0.664542 0.952919 
0.714928 0.798247 
0.143866 0.953230 
0.928675 0.247339 
0.030590 0.122164 
0.208593 0.821210 
0.071886 0.182653 
0.850344 0.730549 
0.335362 0.423148 
0.851721 0.875424 
0.247011 0.508844 
0.134957 0.230019 
0.934984 0.270107 
0.688964 0.415222 
0.627992 0.662855 
0.609582 0.247488 
0.523022 0.435403 
0.813131 0.294123 
0.322915 0.238886 
0.961091 0.061471 
0.144543 0.330947 
0.224331 0.329771 
0.456926 0.550595 
0.848024 0.731790 
0.194733 0.880677 
0.537597 0.395235 
0.716334 0.421470 
0.645126 0.636218 
0.907975 0.335485 
0.504031 0.250370 
0.974094 0.602737 
0.194694 0.222378 
0.499623 0.164769 
0.277787 0.770829 
0.331087 0.572414 
0.560045 0.676901 
0.680475 0.740126 
0.304791 0.614579 
0.230761 0.403869 
0.827261 0.776626 
0.760251 0.530198 
0.029962 0.574644 
0.046890 0.084541 
0.875594 0.104465 
0.744521 0.171723 
0.145085 0.449966 
0.582791 0.960611 
0.996538 0.821541 
0.647321 0.519086 
0.281428 0.956680 
0.920389 0.976856 
0.012911 0.989938 
0.892861 0.315676 
0.563443 0.778733 
0.168866 0.130498 
0.276615 0.065652 
0.408864 0.781428 
0.468439 0.055916 
0.773852 0.134734 
0.472713 0.879039 
0.000212 0.557680 
0.921583 0.044942 
0.342369 0.199714 
0.591084 0.353460 
0.607535 0.842980 
0.957865 0.840377 
0.216749 0.903174 
0.651715 0.376212 
0.995086 0.402416 
0.410695 0.552858 
0.876962 0.104325 
0.392494 0.646403 
0.100027 0.160420 
0.176000 0.032181 
0.866206 0.323640 
0.415660 0.001841 
0.936088 0.832048 
0.228783 0.158767 
0.401577 0.309636 
0.053062 0.810567 
0.191584 0.948461 
0.778906 0.074343 
0.482044 0.707637 
0.257927 0.983616 
0.627679 0.405852 
0.151135 0.130148 
0.394809 0.550964 
0.051838 0.237233 
0.177136 0.125900 
0.004116 0.182013 
0.089759 0.584102 
0.999401 0.935665 
0.718262 0.824713 
0.945553 0.905515 
0.996423 0.881690 
0.559614 0.428322 
0.801079 0.736448 
0.477506 0.451236 
0.925323 0.903491 
0.976980 0.107247 
0.502045 0.877080 
0.090979 0.076174 
0.256995 0.308165 
0.328732 0.994817 
0.884606 0.564801 
0.602594 0.795059 
0.552693 0.107390 
0.906470 0.047892 
0.913669 0.028354 
0.540440 0.168348 
0.422770 0.491998 
0.005703 0.850984 
0.494342 0.412302 
0.557291 0.385759 
0.443450 0.070988 
0.098594 0.072820 
0.880080 0.507401 
0.881329 0.491462 
0.998898 0.481331 
0.732611 0.998281 
0.102994 0.023275 
0.181862 0.546604 
0.774458 0.316770 
0.951247 0.602766 
0.693993 0.938648 
0.852363 0.667236 
0.229232 0.710040 
0.636467 0.104756 
0.632848 0.279584 
0.962512 0.946415 
0.400976 0.211514 
0.922692 0.687103 
0.144517 0.897812 
0.528522 0.864425 
0.382675 0.613375 
0.989775 0.141595 
0.784708 0.579689 
0.828657 0.239761 
0.656054 0.306320 
0.320813 0.908949 
0.710175 0.915122 
0.463312 0.878011 
0.724143 0.676452 
0.132474 0.488032 
0.352695 0.750548 
0.458449 0.157880 
0.493956 0.920008 
0.568977 0.791180 
0.354364 0.804098 
0.476208 0.634840 
0.763985 0.287606 
0.801737 0.794599 
0.822197 0.657152 
0.749472 0.380084 
0.074915 0.092058 
0.220774 0.544261 
0.397905 0.584032 
0.828662 0.329474 
0.473720 0.810128 
0.827276 0.019792 
0.639328 0.187558 
0.289561 0.652711 
0.108809 0.760766 
0.202347 0.843794 
0.652798 0.581270 
0.411766 0.543270 
0.738265 0.013612 
0.781545 0.432905 
0.829966 0.243355 
0.069747 0.245906 
0.948562 0.481149 
0.674802 0.395226 
0.569981 0.664832 
0.825601 0.878751 
0.160635 0.798701 
0.769708 0.480165 
0.131305 0.845583 
0.705845 0.136220 
0.447651 0.666302 
0.545212 0.377214 
0.837604 0.616332 
0.687376 0.727060 
0.692752 0.090405 
0.441569 0.452128 
0.909909 0.835728 
0.083804 0.492031 
0.572277 0.266081 
0.030432 0.471302 
0.175909 0.498134 
0.144352 0.124436 
0.403302 0.295636 
0.745976 0.616824 
0.955630 0.270259 
0.247044 0.067427 
0.249973 0.293075 
0.712199 0.933376 
0.244010 0.083570 
0.560564 0.405933 
0.510951 0.557762 
0.308330 0.094085 
0.293804 0.957939 
0.085114 0.512727 
0.396038 0.203297 
0.808719 0.139916 
0.566358 0.770725 
0.570427 0.173904 
0.808737 0.449973 
0.698910 0.586774 
0.912704 0.813549 
0.314822 0.216534 
0.282399 0.272484 
0.641162 0.015353 
0.033234 0.570651 
0.925701 0.262080 
0.773722 0.940502 
0.012278 0.348487 
0.014625 0.803930 
0.648267 0.428162 
0.114889 0.942188 
0.352007 0.177007 
0.955797 0.074682 
0.182669 0.122529 
0.351745 0.777257 
0.357436 0.430704 
0.838006 0.364673 
0.065967 0.705360 
0.979554 0.370235 
0.532695 0.001771 
0.764081 0.916736 
0.576179 0.842862 
0.975008 0.952524 
0.074739 0.140351 
0.875513 0.752601 
0.959300 0.953209 
0.590498 0.499514 
0.324618 0.849963 
0.336264 0.594768 
0.274019 0.438237 
0.452648 0.650515 
0.210593 0.441711 
0.839116 0.014528 
0.169760 0.163490 
0.770071 0.591393 
0.544715 0.017024 
0.120008 0.966320 
0.947254 0.501918 
0.738243 0.655008 
0.720093 0.597042 
0.480922 0.848537 
0.359830 0.661591 
0.367235 0.119834 
0.046310 0.330036 
0.911812 0.832673 
0.731497 0.266633 
0.297777 0.733923 
0.038816 0.375047 
0.419982 0.638233 
0.780165 0.226444 
0.847462 0.299379 
0.668623 0.545920 
0.270752 0.525801 
0.134338 0.826607 
0.778574 0.494236 
0.617551 0.180176 
0.217667 0.336548 
0.355338 0.159026 
0.754385 0.944343 
0.576318 0.171739 
0.411550 0.917039 
0.677195 0.621653 
0.122671 0.724958 
0.375369 0.826101 
0.286157 0.445708 
0.015621 0.546075 
0.890050 0.066585 
0.101149 0.018158 
0.186522 0.878879 
0.321527 0.908159 
0.421587 0.616189 
0.296624 0.352764 
0.912560 0.400006 
0.902488 0.113643 
0.002815 0.315208 
0.693527 0.114337 
0.658658 0.069240 
0.722294 0.590411 
0.036405 0.861276 
0.457400 0.528702 
0.890803 0.729972 
0.635414 0.409288 
0.904630 0.112469 
0.262333 0.026023 
0.366934 0.051986 
0.724665 0.437728 
0.898637 0.399595 
0.994778 0.231072 
0.633339 0.535769 
0.674443 0.357300 
0.139495 0.492838 
0.128574 0.946596 
0.432771 0.582961 
0.823615 0.492508 
0.582480 0.745330 
0.766040 0.836174 
0.582960 0.816790 
0.791557 0.694639 
0.802415 0.193009 
0.903764 0.560055 
0.846757 0.445091 
0.642434 0.388604 
0.261933 0.301982 
0.413175 0.228211 
0.546522 0.400171 
0.675785 0.923485 
0.015551 0.365405 
0.362406 0.958890 
0.059548 0.818257 
0.441591 0.822166 
0.148070 0.610967 
0.520691 0.259784 
0.181566 0.582581 
0.433110 0.284667 
0.390722 0.859860 
0.669840 0.996966 
0.007260 0.015202 
0.500817 0.230852 
0.933572 0.545643 
0.614876 0.221786 
0.550586 0.697726 
0.680107 0.550126 
0.963543 0.275570 
0.503021 0.271524 
0.503447 0.436949 
0.793844 0.134079 
0.463476 0.645524 
0.327560 0.296855 
0.240224 0.441922 
0.386410 0.385466 
0.526440 0.877134 
0.987661 0.623637 
0.469969 0.771080 
0.536657 0.586713 
0.880374 0.453142 
0.950403 0.429532 
0.152715 0.679971 
0.268105 0.043739 
0.120119 0.838904 
0.467672 0.164938 
0.120708 0.740835 
0.208769 0.774185 
0.726268 0.382376 
0.590270 0.669664 
0.044914 0.874337 
0.976907 0.881606 
0.158271 0.061203 
0.645719 0.595726 
0.372579 0.933087 
0.398611 0.460477 
0.238330 0.605457 
0.921063 0.297996 
0.421896 0.801496 
0.737393 0.369748 
0.346915 0.603783 
0.778675 0.194804 
0.068923 0.393820 
0.928883 0.731263 
0.340057 0.342550 
0.232119 0.222478 
0.191598 0.187650 
0.836787 0.884200 
0.747375 0.139947 
0.088580 0.761176 
0.091156 0.062607 
0.235421 0.720640 
0.797972 0.513872 
0.644680 0.131723 
0.874445 0.793376 
0.276083 0.131131 
0.922222 0.790453 
0.147036 0.239824 
0.718414 0.377220 
0.942853 0.536507 
0.067749 0.654034 
0.346561 0.653543 
0.097568 0.824840 
0.087974 0.585793 
0.419742 0.603403 
0.394252 0.191824 
0.982500 0.879502 
0.792826 0.023343 
0.318023 0.018847 
0.754686 0.015071 
0.303869 0.126805 
0.207973 0.408460 
0.990895 0.969632 
0.609324 0.904189 
0.706728 0.972613 
0.711869 0.386350 
0.389748 0.499806 
0.234412 0.765977 
0.779090 0.168529 
0.472737 0.294188 
0.422184 0.641995 
0.017831 0.683051 
0.032408 0.681381 
0.969991 0.631308 
0.392200 0.710680 
0.399322 0.397162 
0.094352 0.775605 
0.598471 0.495290 
0.345373 0.685611 
0.057184 0.096373 
0.735489 0.370345 
0.396357 0.569110 
0.037034 0.438050 
0.307355 0.718065 
0.521288 0.292093 
0.210675 0.820890 
0.691218 0.295616 
0.413308 0.471601 
0.195805 0.887752 
0.442850 0.988253 
0.571516 0.469420 
0.539173 0.877141 
0.104705 0.771259 
0.547563 0.883803 
0.070692 0.121344 
0.432610 0.874982 
0.828153 0.761791 
0.426284 0.551815 
0.354856 0.069652 
0.638871 0.505296 
0.506711 0.291313 
0.101765 0.366497 
0.711517 0.460098 
0.871962 0.060154 
0.016118 0.889533 
0.379856 0.232418 
0.247289 0.186946 
0.006291 0.732887 
0.630239 0.427529 
0.477163 0.675939 
0.508394 0.579294 
0.202430 0.245278 
0.387597 0.337527 
0.808189 0.238008 
0.197679 0.387127 
0.444124 0.398891 
0.156228 0.727375 
0.998326 0.872365 
0.845538 0.963060 
0.147823 0.457732 
0.099582 0.672244 
0.398758 0.927169 
0.923783 0.024091 
0.893692 0.277582 
0.321365 0.182500 
0.282262 0.973050 
0.049779 0.638060 
0.872575 0.359696 
0.403003 0.271568 
0.246717 0.580688 
0.631293 0.137108 
0.368013 0.199450 
0.154762 0.079016 
0.019886 0.226250 
0.578709 0.358321 
0.305360 0.190471 
0.239141 0.250998 
0.526975 0.867824 
0.521009 0.594010 
0.523369 0.257634 
0.062175 0.983437 
0.622307 0.105978 
0.173780 0.727588 
0.579039 0.909659 
0.636944 0.112767 
0.281516 0.445702 
0.905348 0.178641 
0.411060 0.686227 
0.410774 0.883223 
0.327880 0.675018 
0.035169 0.085255 
0.877315 0.039507 
0.994897 0.231727 
0.638122 0.924282 
0.407666 0.646200 
0.676296 0.508081 
0.316147 0.486820 
0.977760 0.219030 
0.230806 0.163935 
0.251094 0.143097 
0.026462 0.753226 
0.470302 0.359593 
0.672734 0.634290 
0.510876 0.292223 
0.384911 0.202276 
0.650171 0.430115 
0.946766 0.304195 
0.613591 0.615880 
0.098060 0.086982 
0.900161 0.012328 
0.191011 0.320594 
0.228075 0.252269 
0.886804 0.509216 
0.389213 0.496507 
0.793688 0.515430 
0.840328 0.393955 
0.203969 0.108587 
0.029193 0.642649 
0.004198 0.563148 
0.826308 0.766520 
0.905482 0.435585 
0.883791 0.882225 
0.559868 0.700846 
0.121155 0.260309 
0.005625 0.544881 
0.810568 0.218107 
0.730025 0.525343 
0.439640 0.030211 
0.760320 0.692132 
0.656141 0.763199 
0.080076 0.839676 
0.432233 0.536367 
0.715847 0.233319 
0.391188 0.702399 
0.215053 0.399757 
0.710356 0.949727 
0.056824 0.041244 
0.184945 0.377854 
0.586340 0.614568 
0.036879 0.818243 
0.216614 0.636908 
0.517478 0.254275 
0.593685 0.059013 
0.837028 0.937430 
0.378628 0.602680 
0.240002 0.716829 
0.740000 0.187077 
0.199099 0.253444 
0.640622 0.938791 
0.267275 0.098683 
0.563054 0.253396 
0.828010 0.370249 
0.766672 0.455485 
0.340794 0.721080 
0.185509 0.846696 
0.420854 0.292100 
0.320088 0.719168 
0.053622 0.224460 
0.499287 0.521026 
0.879539 0.416494 
0.006604 0.994938 
0.930559 0.910301 
0.434711 0.195246 
0.498363 0.979962 
0.215952 0.504446 
0.221490 0.575825 
0.886533 0.957501 
0.721620 0.263988 
0.839413 0.016126 
0.024029 0.856745 
0.309880 0.149806 
0.791921 0.819908 
0.194617 0.920398 
0.136263 0.174580 
0.159141 0.678748 
0.718767 0.324150 
0.983476 0.285419 
0.039692 0.101519 
0.235966 0.881531 
0.883598 0.633186 
0.962498 0.707390 
0.105389 0.269369 
0.289013 0.442905 
0.912007 0.108188 
0.321204 0.472894 
0.926940 0.076426 
0.494355 0.628959 
0.917880 0.807893 
0.255052 0.666421 
0.545749 0.408930 
0.892037 0.469803 
0.984767 0.979473 
0.002326 0.095008 
0.792347 0.976724 
0.793446 0.451674 
0.290750 0.642064 
0.168119 0.581001 
0.880243 0.243171 
0.967476 0.376678 
0.821713 0.531306 
0.667866 0.820235 
0.695693 0.516306 
0.561181 0.765807 
0.922645 0.901226 
0.909058 0.544989 
0.634175 0.575047 
0.814939 0.675282 
0.468095 0.272299 
0.532255 0.602080 
0.153072 0.685496 
0.132148 0.009699 
0.005600 0.114697 
0.704505 0.615968 
0.566873 0.441371 
0.129004 0.175836 
0.282292 0.485888 
0.326423 0.188007 
0.839769 0.998461 
0.141606 0.964135 
0.215020 0.836274 
0.252685 0.877739 
0.164626 0.865685 
0.561448 0.259575 
0.684455 0.631940 
0.017757 0.435668 
0.276658 0.793919 
0.394664 0.123475 
0.239165 0.645659 
0.583018 0.777407 
0.871211 0.447491 
0.978258 0.576496 
0.173253 0.863294 
0.380970 0.965240 
0.783175 0.817097 
0.946857 0.819529 
0.828593 0.162758 
0.477952 0.946722 
0.558859 0.743874 
0.298626 0.011396 
0.531894 0.541011 
0.765347 0.188565 
0.206681 0.684823 
0.815421 0.788026 
0.355444 0.948839 
0.131155 0.325476 
0.274987 0.711262 
0.187871 0.550321 
0.249296 0.916704 
0.041043 0.815060 
0.705497 0.291104 
0.582114 0.587026 
0.152835 0.698720 
0.388254 0.391757 
0.252448 0.885657 
0.238112 0.947334 
0.843507 0.814349 
0.763733 0.067057 
0.024112 0.245683 
0.189604 0.670731 
0.972184 0.488764 
0.662455 0.881393 
0.578701 0.228427 
0.172690 0.408938 
0.022902 0.913159 
0.461359 0.068329 
0.403303 0.311562 
0.425375 0.273654 
0.308648 0.451587 
0.828988 0.803221 
0.739672 0.661261 
0.812243 0.360103 
0.256328 0.098049 
0.914809 0.200360 
0.450845 0.346759 
0.974138 0.344935 
0.317757 0.541897 
0.667584 0.080195 
0.834304 0.152919 
0.108781 0.288469 
0.291446 0.329416 
0.493287 0.676794 
0.881748 0.541815 
0.289196 0.513409 
0.869354 0.233034 
0.610161 0.977613 
0.746593 0.996616 
0.130995 0.629268 
0.112359 0.410950 
0.841473 0.638731 
0.152728 0.905284 
0.109488 0.165360 
0.198767 0.674902 
0.083687 0.532395 
0.957042 0.005062 
0.082550 0.415494 
0.204203 0.043725 
0.886760 0.776675 
0.583780 0.593955 
0.599990 0.034776 
0.479447 0.064922 
0.145335 0.644298 
0.708826 0.231698 
0.151189 0.037717 
0.911335 0.810942 
0.497086 0.524385 
0.341260 0.560730 
0.193278 0.431123 
0.882051 0.635514 
0.080155 0.170096 
0.803915 0.396297 
0.569073 0.401541 
0.701191 0.910798 
0.786003 0.354378 
0.025123 0.234883 
0.684745 0.502360 
0.167158 0.428118 
0.381605 0.640666 
0.666949 0.411547 
0.862255 0.912678 
0.384398 0.571747 
0.354296 0.661065 
0.513788 0.233139 
0.370867 0.165350 
0.031533 0.975445 
0.309163 0.096376 
0.786713 0.285169 
0.833191 0.434224 
0.998603 0.525925 
0.214368 0.887637 
0.516264 0.857097 
0.231773 0.401045 
0.359408 0.570079 
0.319710 0.359366 
0.868523 0.272380 
0.898285 0.470698 
0.017219 0.396822 
0.391300 0.583999 
0.267003 0.520108 
0.457773 0.783411 
0.786483 0.413785 
0.482445 0.461152 
0.582996 0.417034 
0.082218 0.844825 
0.974283 0.776282 
0.978559 0.646896 
0.376217 0.082937 
0.914088 0.080437 
0.900588 0.189202 
0.921192 0.468311 
0.902850 0.202183 
0.088177 0.986820 
0.480957 0.452216 
0.395581 0.522514 
0.886511 0.587924 
0.244188 0.069463 
0.462883 0.681641 
0.333332 0.315878 
0.960220 0.414930 
0.723989 0.084805 
0.314695 0.074824 
0.572060 0.609250 
0.656611 0.662533 
0.195018 0.670290 
0.559336 0.762733 
0.258669 0.446490 
0.163812 0.188627 
0.252863 0.867115 
0.601261 0.385761 
0.483138 0.099112 
0.773183 0.887639 
0.542741 0.849434 
0.444578 0.014441 
0.710972 0.309006 
0.471646 0.958703 
0.928264 0.338447 
0.285813 0.656284 
0.172985 0.354272 
0.252012 0.559753 
0.765369 0.563072 
0.552919 0.910700 
0.141534 0.765871 
0.990428 0.127814 
0.165587 0.017088 
0.199444 0.052674 
0.300107 0.904063 
0.593929 0.162864 
0.254695 0.655386 
0.079104 0.496824 
0.116864 0.125876 
0.600667 0.409034 
0.635400 0.169801 
0.848313 0.589610 
0.568296 0.348558 
0.215832 0.486730 
0.464328 0.967710 
0.296022 0.236024 
0.853793 0.691481 
0.726757 0.609737 
0.848527 0.186147 
0.574997 0.973925 
0.756106 0.875777 
0.187773 0.897689 
0.466876 0.785658 
0.561886 0.619673 
0.845794 0.255855 
0.150770 0.999377 
0.531542 0.633033 
0.388296 0.087341 
0.936444 0.819878 
0.685887 0.701094 
0.279110 0.998704 
0.223174 0.893718 
0.724624 0.759824 
0.358504 0.377797 
0.637651 0.998502 
0.826538 0.625202 
0.770397 0.061219 
0.910234 0.309890 
0.321258 0.390246 
0.865701 0.843057 
0.252268 0.875158 
0.780987 0.048493 
0.025111 0.036039 
0.704161 0.837939 
0.243256 0.410917 
0.285558 0.378101 
0.751088 0.527763 
0.119847 0.275396 
0.572633 0.235198 
0.980684 0.361303 
0.420976 0.340738 
0.783050 0.723911 
0.770804 0.909292 
0.474860 0.966811 
0.186691 0.722982 
0.153738 0.882244 
0.879528 0.230265 
0.064935 0.366297 
0.350670 0.713887 
0.300873 0.768603 
0.912425 0.121985 
0.198493 0.072512 
0.708916 0.755414 
0.243163 0.837895 
0.505519 0.264393 
0.661072 0.640716 
0.512987 0.777983 
0.553189 0.450589 
0.055529 0.278748 
0.924354 0.615823 
0.134555 0.469883 
0.328946 0.594587 
0.216413 0.255165 
0.565373 0.216975 
0.706281 0.466796 
0.448453 0.146942 
0.649928 0.342903 
0.178438 0.003154 
0.003295 0.384883 
0.728428 0.694788 
0.305883 0.974529 
0.911806 0.729654 
0.299591 0.233777 
0.086090 0.918777 
0.879046 0.126764 
0.523714 0.059643 
0.417575 0.188598 
0.769757 0.302528 
0.595932 0.830418 
0.827107 0.186458 
0.803113 0.926396 
0.934202 0.126354 
0.628338 0.480626 
0.882087 0.241768 
0.391838 0.625169 
0.219084 0.144809 
0.804523 0.618647 
0.598753 0.248284 
0.901801 0.575806 
0.575552 0.303489 
0.744142 0.800996 
0.333235 0.672857 
0.706204 0.167220 
0.467194 0.127586 
0.336872 0.810364 
0.786589 0.197587 
0.838195 0.537397 
0.038364 0.791319 
0.697885 0.347842 
0.178281 0.371694 
0.052788 0.207401 
0.794572 0.366553 
0.658664 0.163219 
0.228054 0.899120 
0.507189 0.330262 
0.719310 0.440453 
0.698323 0.721213 
0.427709 0.502235 
0.056426 0.344345 
0.404236 0.993337 
0.006855 0.213790 
0.164485 0.492863 
0.540226 0.571176 
0.761508 0.662600 
0.314768 0.307791 
0.035204 0.671708 
0.398394 0.813115 
0.025232 0.079128 
0.906832 0.118509 
0.777495 0.363778 
0.019068 0.469253 
0.743155 0.213100 
0.569719 0.259728 
0.255394 0.400732 
0.099282 0.628055 
0.715846 0.229750 
0.409957 0.146372 
0.070593 0.457896 
0.864967 0.497382 
0.494513 0.282083 
0.964985 0.500906 
0.732474 0.694370 
0.271996 0.439738 
0.673326 0.592789 
0.007105 0.416738 
0.113624 0.685409 
0.668672 0.364080 
0.099587 0.750578 
0.960480 0.780839 
0.552954 0.491370 
0.456188 0.147146 
0.078316 0.260226 
0.623457 0.445344 
0.888247 0.770209 
0.904829 0.457201 
0.172238 0.805753 
0.297863 0.187937 
0.655248 0.754226 
0.276091 0.266668 
0.893637 0.363423 
0.050021 0.702841 
0.653602 0.095884 
0.522020 0.591663 
0.079321 0.143012 
0.599293 0.311407 
0.817378 0.673436 
0.435923 0.550826 
0.736931 0.595643 
0.968121 0.213929 
0.512333 0.777003 
0.092042 0.941552 
0.670594 0.666825 
0.323276 0.291933 
0.522584 0.062947 
0.953625 0.569404 
0.981343 0.435710 
0.969652 0.938908 
0.223523 0.758056 
0.646969 0.605771 
0.195605 0.532626 
0.850762 0.764655 
0.553211 0.818577 
0.830790 0.085393 
0.194907 0.798559 
0.376537 0.460693 
0.869068 0.432293 
0.541687 0.139347 
0.003771 0.376584 
0.252346 0.179415 
0.421843 0.919832 
0.610946 0.163386 
0.033604 0.776187 
0.369458 0.477653 
0.921974 0.615813 
0.970076 0.071728 
0.527495 0.603414 
0.580152 0.608906 
0.875718 0.196086 
0.613016 0.960895 
0.768792 0.092466 
0.082214 0.775429 
0.628716 0.823891 
0.127840 0.599802 
0.865112 0.938325 
0.420644 0.759206 
0.978680 0.676281 
0.256221 0.298587 
0.351946 0.157865 
0.236562 0.905231 
0.221140 0.705641 
0.705460 0.674378 
0.272870 0.132032 
0.063789 0.107645 
0.185413 0.228954 
0.033894 0.649581 
0.503219 0.600126 
0.313971 0.914110 
0.446852 0.236754 
0.119177 0.003068 
0.564832 0.134036 
0.737025 0.176491 
0.285948 0.932960 
0.252480 0.431288 
0.658088 0.483582 
0.554754 0.747840 
0.941327 0.876565 
0.435578 0.753208 
0.174230 0.285067 
0.123395 0.899799 
0.926285 0.066204 
0.687080 0.750037 
0.867139 0.997862 
0.063175 0.782840 
0.194547 0.752939 
0.644406 0.528668 
0.318962 0.789943 
0.576943 0.678749 
0.733661 0.640561 
0.900404 0.096620 
0.895745 0.780851 
0.761871 0.761087 
0.584658 0.353767 
0.766952 0.156746 
0.432442 0.060096 
0.026505 0.462373 
0.109285 0.757837 
0.961187 0.673672 
0.402749 0.004898 
0.316907 0.249609 
0.173473 0.553357 
0.264240 0.074207 
0.192525 0.774632 
0.232578 0.932673 
0.432814 0.304443 
0.766152 0.724740 
0.703542 0.425878 
0.737591 0.691165 
0.405750 0.435259 
0.390862 0.217155 
0.720091 0.564406 
0.968345 0.974343 
0.788780 0.022211 
0.307428 0.943784 
0.180441 0.664023 
0.242436 0.629010 
0.765225 0.141140 
0.132076 0.798905 
0.189009 0.682116 
0.318546 0.794969 
0.048034 0.309931 
0.005252 0.266779 
0.748440 0.029986 
0.977749 0.032206 
0.292266 0.109289 
0.813795 0.456372 
0.251726 0.751192 
0.290645 0.875089 
0.618615 0.056198 
0.522658 0.318446 
0.114061 0.019586 
0.176856 0.423168 
0.183363 0.789196 
0.022539 0.808184 
0.146643 0.625540 
0.450596 0.162484 
0.874161 0.026687 
0.528526 0.931622 
0.766124 0.240671 
0.959807 0.481095 
0.768281 0.504764 
0.561116 0.678701 
0.929259 0.055157 
0.029784 0.577411 
0.546316 0.936721 
0.469172 0.366622 
0.820770 0.683230 
0.039925 0.022609 
0.983204 0.704003 
0.186193 0.346802 
0.704440 0.530560 
0.117187 0.561657 
0.776808 0.818749 
0.708577 0.056244 
0.294299 0.286668 
0.020803 0.629343 
0.362629 0.704144 
0.547299 0.455956 
0.251672 0.854259 
0.533973 0.482744 
0.478896 0.799722 
0.924068 0.817249 
0.502049 0.934291 
0.632210 0.551079 
0.989459 0.836670 
0.920384 0.890961 
0.385686 0.221527 
0.207663 0.195245 
0.486373 0.464070 
0.628598 0.852444 
0.022082 0.130351 
0.814181 0.936755 
0.039526 0.314471 
0.314230 0.270244 
0.985119 0.892271 
0.406655 0.649110 
0.591065 0.026287 
0.801840 0.518091 
0.547750 0.038784 
0.846924 0.250038 
0.391091 0.069262 
0.093264 0.481569 
0.728677 0.877529 
0.624454 0.194134 
0.805612 0.917551 
0.285051 0.852556 
0.903103 0.448505 
0.019738 0.744062 
0.448435 0.841150 
0.205470 0.331755 
0.800483 0.721653 
0.829967 0.257638 
0.126211 0.225619 
0.985053 0.781357 
0.275317 0.251651 
0.498089 0.380772 
0.640136 0.770042 
0.095514 0.310458 
0.863810 0.047649 
0.834158 0.693208 
0.755035 0.869783 
0.434734 0.578206 
0.905412 0.259587 
0.884207 0.870907 
0.332395 0.562985 
0.094859 0.289232 
0.114404 0.787643 
0.921331 0.812442 
0.706541 0.841471 
0.599740 0.831468 
0.479569 0.114531 
0.918983 0.344101 
0.298624 0.979668 
0.277701 0.317034 
0.397712 0.350184 
0.546139 0.965949 
0.697859 0.920397 
0.110444 0.231417 
0.417183 0.591963 
0.119651 0.977794 
0.783287 0.710718 
0.040849 0.549656 
0.062612 0.326919 
0.528921 0.579794 
0.592564 0.226452 
0.983571 0.873053 
0.400781 0.930364 
0.625778 0.445010 
0.287259 0.962898 
0.422368 0.738389 
0.102181 0.350303 
0.536002 0.580122 
0.106633 0.175089 
0.713323 0.823500 
0.557900 0.625091 
0.910132 0.581280 
0.569991 0.842733 
0.811063 0.543329 
0.736784 0.130775 
0.930972 0.851336 
0.405184 0.932184 
0.210063 0.521943 
0.301204 0.339585 
0.403856 0.613640 
0.452699 0.512981 
0.674847 0.148217 
0.083653 0.964091 
0.472094 0.480196 
0.661870 0.055316 
0.701847 0.945963 
0.804209 0.347462 
0.793834 0.974100 
0.699549 0.317133 
0.060213 0.001755 
0.495496 0.802922 
0.712732 0.887634 
0.468954 0.711168 
0.597600 0.860997 
0.781458 0.961798 
0.935005 0.622153 
0.521750 0.053824 
0.628226 0.598729 
0.831702 0.408414 
0.215716 0.546330 
0.168976 0.984573 
0.710164 0.722085 
0.083767 0.872739 
0.118639 0.972541 
0.504143 0.132573 
0.154454 0.904698 
0.258171 0.079139 
0.089139 0.159746 
0.847871 0.159951 
0.299096 0.904540 
0.600446 0.687815 
0.100196 0.996046 
0.552787 0.685703 
0.606054 0.950797 
0.051173 0.066054 
0.163710 0.467921 
0.354762 0.480977 
0.783256 0.180943 
0.116432 0.869791 
0.576532 0.779851 
0.962640 0.082678 
0.561015 0.973445 
0.686752 0.233926 
0.587140 0.055120 
0.405044 0.573472 
0.351472 0.189940 
0.324445 0.949574 
0.484281 0.307206 
0.204329 0.162190 
0.929868 0.292103 
0.377440 0.628079 
0.129423 0.212627 
0.617603 0.053943 
0.622487 0.137139 
0.890666 0.424480 
0.233783 0.193476 
0.748768 0.539672 
0.265224 0.622978 
0.398638 0.916754 
0.891378 0.395741 
0.223754 0.627937 
0.742459 0.502621 
0.550387 0.350208 
0.942749 0.774901 
0.753167 0.474482 
0.622967 0.207143 
0.450154 0.740355 
0.144313 0.474989 
0.134566 0.654789 
0.040729 0.525929 
0.284430 0.413917 
0.695109 0.693078 
0.564082 0.523681 
0.502812 0.767025 
0.381135 0.730171 
0.979121 0.087743 
0.700063 0.960231 
0.605776 0.272953 
0.520587 0.498162 
0.603909 0.891818 
0.792216 0.772732 
0.305389 0.681286 
0.368449 0.527569 
0.852698 0.299584 
0.108461 0.903026 
0.166358 0.973134 
0.457759 0.549222 
0.781248 0.435729 
0.294548 0.467107 
0.667264 0.700983 
0.413296 0.258473 
0.158758 0.243618 
0.482458 0.670844 
0.874954 0.350431 
0.695203 0.277417 
0.547762 0.242685 
0.800918 0.035497 
0.602978 0.254099 
0.636945 0.134955 
0.191146 0.586790 
0.178472 0.573759 
0.160353 0.057714 
0.992247 0.688533 
0.182240 0.903408 
0.580584 0.872011 
0.889249 0.603242 
0.694945 0.940231 
0.462480 0.907652 
0.905410 0.218937 
0.676936 0.256863 
0.103610 0.369954 
0.820845 0.939495 
0.091065 0.522111 
0.126430 0.902651 
0.857905 0.807463 
0.032198 0.151735 
0.216765 0.164630 
0.934604 0.883211 
0.120043 0.557517 
0.180233 0.172351 
0.710559 0.359355 
0.678069 0.300306 
0.242769 0.219737 
0.126496 0.025023 
0.560565 0.411114 
0.588967 0.768485 
0.934717 0.785997 
0.244785 0.101475 
0.493557 0.206947 
0.162735 0.081672 
0.662357 0.238975 
0.453095 0.162327 
0.231955 0.474797 
0.904937 0.271134 
0.948472 0.962489 
0.556239 0.716086 
0.263782 0.379015 
0.109249 0.153242 
0.535515 0.406927 
0.221408 0.203040 
0.500804 0.005962 
0.195230 0.226709 
0.303335 0.155219 
0.758367 0.870679 
0.502467 0.967904 
0.563179 0.343373 
0.073569 0.482303 
0.073851 0.216866 
0.858788 0.656527 
0.256095 0.196800 
0.615865 0.837379 
0.826334 0.198090 
0.293734 0.779867 
0.228016 0.265998 
0.626280 0.882118 
0.758238 0.702016 
0.775986 0.999940 
0.987573 0.140188 
0.139916 0.560284 
0.697401 0.220697 
0.261402 0.381361 
0.537645 0.192288 
0.787754 0.778693 
0.491862 0.717210 
0.149429 0.453290 
0.444526 0.154934 
0.968003 0.221312 
0.596858 0.395156 
0.392503 0.804606 
0.004877 0.966403 
0.329767 0.389118 
0.907198 0.283512 
0.987047 0.299388 
0.818287 0.943042 
0.711328 0.292274 
0.242219 0.983127 
0.412770 0.424216 
0.802720 0.312425 
0.927895 0.135831 
0.905651 0.281496 
0.101232 0.401140 
0.965989 0.384154 
0.469039 0.141147 
0.261485 0.776232 
0.123012 0.462047 
0.624816 0.285115 
0.930763 0.338024 
0.171322 0.413813 
0.955291 0.579698 
0.989747 0.682054 
0.280401 0.701985 
0.268861 0.745881 
0.029511 0.987590 
0.421233 0.661888 
0.347404 0.823638 
0.892193 0.085783 
0.753529 0.569627 
0.726222 0.609647 
0.338296 0.733783 
0.682789 0.633918 
0.260604 0.978469 
0.129316 0.409870 
0.677331 0.901607 
0.316499 0.400604 
0.955851 0.979403 
0.819441 0.342170 
0.848345 0.137135 
0.820417 0.741294 
0.920411 0.349892 
0.630045 0.162015 
0.992749 0.133280 
0.034100 0.113320 
0.576731 0.114386 
0.478807 0.308673 
0.870822 0.913686 
0.313515 0.251288 
0.403867 0.798977 
0.399060 0.002616 
0.968621 0.609166 
0.256145 0.027647 
0.667454 0.898383 
0.124339 0.768013 
0.000954 0.036325 
0.506359 0.372441 
0.624113 0.462664 
0.000296 0.983159 
0.951240 0.487116 
0.960098 0.358802 
0.379364 0.965768 
0.669336 0.531746 
0.052546 0.141767 
0.675925 0.269385 
0.546782 0.771496 
0.528899 0.208933 
0.542935 0.112655 
0.388419 0.164741 
0.800778 0.674180 
0.942304 0.305523 
0.929692 0.333454 
0.358161 0.614498 
0.868151 0.017264 
0.162640 0.495408 
0.320381 0.641062 
0.327056 0.833114 
0.146152 0.377893 
0.246392 0.117006 
0.522937 0.994419 
0.207116 0.997806 
0.119276 0.667901 
0.414664 0.253778 
0.251738 0.956001 
0.503023 0.310765 
0.033917 0.042034 
0.465605 0.429007 
0.324837 0.527230 
0.155250 0.289034 
0.790404 0.321339 
0.740099 0.845711 
0.871002 0.933772 
0.904431 0.766649 
0.068675 0.217153 
0.683635 0.861389 
0.358754 0.582029 
0.158988 0.110322 
0.173606 0.791933 
0.017782 0.864514 
0.889759 0.187549 
0.128643 0.104249 
0.107780 0.455404 
0.975178 0.823964 
0.368444 0.443827 
0.398365 0.322637 
0.552049 0.293586 
0.303064 0.595740 
0.605288 0.077680 
0.567261 0.963500 
0.539367 0.137904 
0.745681 0.661488 
0.621227 0.960064 
0.788165 0.696155 
0.270517 0.570917 
0.406932 0.300353 
0.024709 0.291689 
0.409842 0.218354 
0.868022 0.842379 
0.863618 0.821212 
0.117920 0.887923 
0.320849 0.510625 
0.072252 0.341082 
0.568154 0.957688 
0.868470 0.372458 
0.894177 0.437120 
0.673149 0.623261 
0.150301 0.111759 
0.328669 0.943587 
0.860440 0.413529 
0.175524 0.032497 
0.173744 0.121585 
0.476565 0.633956 
0.898579 0.412807 
0.052760 0.734023 
0.731456 0.578640 
0.205434 0.736865 
0.481669 0.405508 
0.374790 0.087155 
0.819499 0.317296 
0.799059 0.782253 
0.333604 0.875239 
0.140232 0.873849 
0.779443 0.097701 
0.054119 0.574625 
0.716977 0.240619 
0.088842 0.166804 
0.474396 0.166182 
0.026333 0.586691 
0.522099 0.916276 
0.849964 0.343793 
0.134121 0.166339 
0.659664 0.974730 
0.289253 0.467514 
0.509569 0.322258 
0.189094 0.098759 
0.842040 0.158734 
0.849763 0.974807 
0.588610 0.765715 
0.371976 0.793110 
0.804151 0.359751 
0.330357 0.315623 
0.676950 0.493470 
0.754021 0.830055 
0.731633 0.558616 
0.665186 0.774949 
0.564550 0.391592 
0.493535 0.842270 
0.027958 0.896079 
0.400810 0.416781 
0.830849 0.071390 
0.851608 0.979470 
0.954757 0.608331 
0.223199 0.301222 
0.634177 0.617740 
0.353573 0.502315 
0.404565 0.517579 
0.954616 0.230461 
0.360103 0.247390 
0.881895 0.013531 
0.421909 0.030660 
0.295368 0.249187 
0.081428 0.561262 
0.122610 0.708211 
0.906698 0.871879 
0.671569 0.055594 
0.370848 0.838849 
0.538087 0.632614 
0.342959 0.112765 
0.247378 0.677870 
0.954932 0.546765 
0.480370 0.586256 
0.202158 0.675328 
0.236957 0.544606 
0.199107 0.391040 
0.206476 0.235961 
0.795245 0.679484 
0.084509 0.344794 
0.948598 0.080360 
0.602475 0.805510 
0.200031 0.922830 
0.997784 0.755702 
0.079953 0.769421 
0.661900 0.549724 
0.207000 0.045377 
0.650343 0.319384 
0.883553 0.876596 
0.941443 0.829683 
0.479835 0.594994 
0.066552 0.545767 
0.702098 0.166043 
0.689567 0.560059 
0.907419 0.994487 
0.339286 0.385776 
0.740790 0.454635 
0.055995 0.108632 
0.772964 0.204808 
0.200388 0.919785 
0.827949 0.333834 
0.743539 0.665088 
0.138424 0.486898 
0.296300 0.916349 
0.081858 0.786260 
0.678650 0.073054 
0.821134 0.807536 
0.252979 0.810543 
0.801737 0.788158 
0.566597 0.793972 
0.280414 0.912648 
0.871504 0.374339 
0.515112 0.483319 
0.145651 0.961822 
0.348988 0.444994 
0.020873 0.811203 
0.884016 0.663849 
0.303721 0.636478 
0.278400 0.061754 
0.894867 0.032989 
0.453112 0.448444 
0.990414 0.894165 
0.236460 0.175799 
0.658405 0.819569 
0.492559 0.434091 
0.766672 0.447964 
0.932979 0.584365 
0.422732 0.857381 
0.001076 0.082224 
0.931095 0.915322 
0.813749 0.678964 
0.340154 0.963328 
0.655741 0.039862 
0.964718 0.020380 
0.532602 0.447861 
0.199321 0.991224 
0.509786 0.973408 
0.066481 0.338064 
0.842934 0.197565 
0.470410 0.182119 
0.877459 0.445669 
0.367097 0.798799 
0.410631 0.482054 
0.876788 0.184142 
0.881444 0.432981 
0.104154 0.516029 
0.905438 0.697934 
0.184183 0.569398 
0.867634 0.323186 
0.779926 0.211141 
0.648331 0.500038 
0.135740 0.380300 
0.698125 0.379541 
0.949079 0.164185 
0.457697 0.520384 
0.086694 0.071284 
0.065506 0.951611 
0.730547 0.309824 
0.215345 0.311555 
0.300043 0.827515 
0.045019 0.628375 
0.094448 0.390811 
0.367188 0.321685 
0.559599 0.188068 
0.854059 0.164267 
0.835757 0.562582 
0.316221 0.727863 
0.187902 0.066181 
0.299526 0.130306 
0.047189 0.101979 
0.962346 0.142892 
0.592197 0.051024 
0.565685 0.471154 
0.679587 0.810615 
0.003969 0.702408 
0.366955 0.416687 
0.254054 0.890137 
0.536135 0.820091 
0.273902 0.463143 
0.050281 0.068985 
0.428701 0.170609 
0.423017 0.647002 
0.154353 0.205327 
0.932080 0.473110 
0.551394 0.278418 
0.363906 0.174254 
0.687663 0.558755 
0.993178 0.347721 
0.145664 0.166584 
0.772139 0.347039 
0.684274 0.600435 
0.513208 0.492143 
0.441308 0.068343 
0.648636 0.626607 
0.385410 0.579340 
0.963239 0.165201 
0.536573 0.175501 
0.644105 0.479470 
0.451866 0.505119 
0.527032 0.829998 
0.776683 0.712320 
0.970587 0.661802 
0.904543 0.648554 
0.250598 0.806112 
0.318407 0.472995 
0.627821 0.789310 
0.932212 0.686180 
0.623285 0.550980 
0.320360 0.298744 
0.995741 0.411926 
0.248032 0.671696 
0.190542 0.432538 
0.659085 0.248925 
0.674540 0.000438 
0.366578 0.074628 
0.265121 0.895323 
0.694981 0.553091 
0.792057 0.093617 
0.421290 0.622997 
0.713939 0.179625 
0.962994 0.033606 
0.817447 0.836677 
0.028912 0.925469 
0.364689 0.322907 
0.090944 0.502282 
0.854066 0.281099 
0.431858 0.238832 
0.045390 0.877183 
0.810635 0.348212 
0.392019 0.667052 
0.142739 0.020992 
0.809948 0.793579 
0.684663 0.126312 
0.930171 0.389159 
0.598110 0.439449 
0.824890 0.933034 
0.510005 0.660011 
0.810048 0.469479 
0.528927 0.671980 
0.976171 0.501542 
0.423475 0.338342 
0.521037 0.068898 
0.973278 0.877375 
0.034880 0.233868 
0.627815 0.679201 
0.327071 0.074902 
0.874579 0.048717 
0.783568 0.428039 
0.048039 0.390793 
0.053679 0.180968 
0.521603 0.581083 
0.264062 0.097181 
0.322520 0.599754 
0.060796 0.799837 
0.861682 0.285148 
0.489691 0.240702 
0.481012 0.371634 
0.060318 0.768949 
0.728059 0.484674 
0.912520 0.729842 
0.453227 0.385509 
0.250669 0.989435 
0.437361 0.730895 
0.151818 0.597305 
0.904307 0.691018 
0.931881 0.129653 
0.082148 0.662355 
0.192948 0.879363 
0.447427 0.910530 
0.270673 0.205962 
0.601746 0.545072 
0.020326 0.627318 
0.340369 0.576098 
0.471815 0.790667 
0.745366 0.368678 
0.377399 0.948375 
0.335598 0.401605 
0.770946 0.284908 
0.455073 0.406310 
0.847735 0.890226 
0.025156 0.805050 
0.475686 0.861293 
0.746569 0.586898 
0.996248 0.935046 
0.319302 0.513305 
0.109110 0.806028 
0.905936 0.059142 
0.001693 0.448101 
0.232273 0.808068 
0.199129 0.762338 
0.622221 0.663657 
0.074804 0.222761 
0.946227 0.235476 
0.648495 0.260445 
0.302845 0.911070 
0.351555 0.580780 
0.167852 0.082592 
0.116525 0.438501 
0.879250 0.555027 
0.336432 0.414977 
0.521363 0.549274 
0.651736 0.726215 
0.496509 0.828030 
0.703245 0.436482 
0.950734 0.986607 
0.901497 0.460969 
0.501027 0.756827 
0.995575 0.633424 
0.965561 0.181421 
0.138006 0.473446 
0.206674 0.563365 
0.480487 0.549031 
0.564047 0.934081 
0.103543 0.240077 
0.973446 0.710340 
0.688819 0.981581 
0.426618 0.165497 
0.516460 0.143945 
0.288197 0.723812 
0.113962 0.359542 
0.828151 0.733882 
0.362531 0.063236 
0.808486 0.221683 
0.830413 0.744194 
0.675131 0.920330 
0.986898 0.798088 
0.472734 0.237674 
0.587816 0.415964 
0.105228 0.570829 
0.928124 0.972207 
0.887870 0.431961 
0.974799 0.442178 
0.693699 0.996397 
0.449142 0.729139 
0.633375 0.125588 
0.756770 0.041196 
0.389387 0.430151 
0.549733 0.370007 
0.714428 0.397994 
0.084332 0.359574 
0.358528 0.786709 
0.224006 0.865376 
0.378631 0.647822 
0.949964 0.048327 
0.233961 0.188502 
0.155686 0.606791 
0.332309 0.120460 
0.575899 0.138666 
0.556688 0.261512 
0.239944 0.736959 
0.077387 0.645133 
0.743932 0.262553 
0.731535 0.905797 
0.725859 0.509376 
0.077790 0.409792 
0.378811 0.677950 
0.303862 0.005316 
0.346888 0.147044 
0.364897 0.823806 
0.705874 0.630612 
0.689728 0.254506 
0.474046 0.283601 
0.489405 0.424738 
0.571540 0.881016 
0.242989 0.916640 
0.973793 0.533042 
0.830131 0.007214 
0.245017 0.998624 
0.866700 0.632740 
0.454576 0.060309 
0.608149 0.152664 
0.817724 0.486910 
0.494182 0.717785 
0.806824 0.296196 
0.165481 0.237121 
0.297211 0.223037 
0.583304 0.585724 
0.268264 0.711709 
0.694408 0.915214 
0.004394 0.852336 
0.212531 0.015279 
0.796425 0.522453 
0.861030 0.323082 
0.034426 0.601327 
0.504533 0.678415 
0.124314 0.350891 
0.431459 0.539468 
0.830278 0.476989 
0.756359 0.125754 
0.547482 0.522617 
0.623965 0.976892 
0.625715 0.398750 
0.789589 0.621005 
0.238132 0.283023 
0.762316 0.237829 
0.185192 0.519404 
0.621532 0.083361 
0.055040 0.052170 
0.819876 0.659872 
0.469486 0.647019 
0.445666 0.304877 
0.073383 0.348320 
0.213505 0.377251 
0.458611 0.876745 
0.458481 0.697728 
0.707507 0.063922 
0.337777 0.009682 
0.721119 0.847635 
0.206649 0.142322 
0.010561 0.493908 
0.104250 0.122243 
0.537236 0.333814 
0.409408 0.922299 
0.080403 0.336816 
0.864633 0.891807 
0.606058 0.014903 
0.477196 0.229248 
0.966940 0.364363 
0.849457 0.823429 
0.364152 0.297804 
0.185942 0.135308 
0.116036 0.217001 
0.142797 0.986930 
0.335298 0.358050 
0.742595 0.791521 
0.091907 0.682737 
0.760331 0.881154 
0.556800 0.142940 
0.398062 0.233994 
0.734501 0.757938 
0.656488 0.600113 
0.094011 0.044574 
0.159271 0.874796 
0.695969 0.155136 
0.375893 0.641168 
0.111539 0.632651 
0.960060 0.735823 
0.971428 0.782122 
0.118835 0.259648 
0.901314 0.390316 
0.044462 0.275480 
0.992265 0.006128 
0.985683 0.367383 
0.602937 0.566505 
0.253030 0.673768 
0.025155 0.788380 
0.300198 0.421956 
0.821788 0.792682 
0.613181 0.730014 
0.337455 0.611960 
0.213241 0.946603 
0.549063 0.102955 
0.363097 0.574818 
0.970861 0.259880 
0.801992 0.087002 
0.248255 0.418531 
0.248926 0.702512 
0.116493 0.899999 
0.290199 0.375228 
0.455455 0.832440 
0.815589 0.597411 
0.686027 0.057715 
0.017111 0.584086 
0.740348 0.034877 
0.182097 0.505346 
0.349994 0.356448 
0.819626 0.459561 
0.848581 0.093466 
0.882314 0.054532 
0.524550 0.114378 
0.345203 0.827092 
0.932367 0.297284 
0.444005 0.399019 
0.305224 0.899395 
0.130116 0.860189 
0.204656 0.652279 
0.846721 0.847148 
0.023882 0.386383 
0.933204 0.352277 
0.712380 0.972488 
0.603289 0.475469 
0.203843 0.981263 
0.085309 0.781997 
0.018590 0.436511 
0.435077 0.334164 
0.292466 0.483033 
0.334281 0.265032 
0.398694 0.855293 
0.902932 0.585979 
0.547574 0.075048 
0.328083 0.092997 
0.007234 0.575196 
0.314830 0.344033 
0.164505 0.838788 
0.510461 0.326417 
0.097339 0.974493 
0.310804 0.679827 
0.855689 0.572846 
0.824395 0.604940 
0.228878 0.747426 
0.994117 0.122778 
0.526041 0.166554 
0.278898 0.441017 
0.170054 0.093171 
0.923605 0.027343 
0.548461 0.977292 
0.351251 0.476226 
0.933980 0.401323 
0.034231 0.327079 
0.223947 0.880216 
0.796473 0.316680 
0.447308 0.906783 
0.308464 0.353347 
0.701720 0.813113 
0.994647 0.029452 
0.001232 0.713793 
0.723132 0.671278 
0.168707 0.465940 
0.052801 0.433263 
0.843600 0.380546 
0.842821 0.292924 
0.171212 0.559699 
0.864053 0.145238 
0.021594 0.926908 
0.535405 0.550137 
0.144247 0.351560 
0.674305 0.044420 
0.566192 0.985602 
0.006988 0.441527 
0.738191 0.769799 
0.007027 0.101470 
0.399100 0.677382 
0.762101 0.633230 
0.694569 0.620555 
0.671622 0.944059 
0.803633 0.666235 
0.418363 0.434939 
0.027709 0.711687 
0.327766 0.764453 
0.161865 0.469606 
0.665760 0.434277 
0.897290 0.747061 
0.862305 0.764986 
0.112602 0.502545 
0.270963 0.078753 
0.607097 0.485934 
0.096264 0.902538 
0.957287 0.118688 
0.790914 0.884498 
0.758694 0.364148 
0.243645 0.944449 
0.346478 0.257123 
0.467719 0.945227 
0.438186 0.591458 
0.626921 0.667755 
0.957145 0.730612 
0.402542 0.521326 
0.926640 0.031462 
0.789203 0.126614 
0.997691 0.186217 
0.754994 0.189319 
0.881744 0.473468 
0.569692 0.812131 
0.477752 0.576750 
0.439587 0.136980 
0.221021 0.701104 
0.457935 0.505626 
0.049181 0.590583 
0.923232 0.758272 
0.280940 0.757713 
0.881228 0.796482 
0.465507 0.769887 
0.497590 0.999373 
0.455134 0.429608 
0.413535 0.286103 
0.529905 0.121342 
0.389299 0.944863 
0.308300 0.591961 
0.092392 0.831678 
0.009950 0.232309 
0.412561 0.914810 
0.206214 0.841110 
0.539540 0.044437 
0.854828 0.099228 
0.731270 0.458392 
0.193906 0.984590 
0.012473 0.632228 
0.850547 0.151384 
0.318719 0.709032 
0.696534 0.639991 
0.336722 0.287189 
0.792918 0.575343 
0.787563 0.576659 
0.910447 0.889319 
0.786355 0.262379 
0.796787 0.602923 
0.330931 0.965607 
0.953570 0.656185 
0.494534 0.628689 
0.379008 0.993810 
0.970867 0.357013 
0.317481 0.904656 
0.555042 0.592714 
0.751388 0.573244 
0.506494 0.647692 
0.763731 0.019512 
0.932049 0.943350 
0.890052 0.109763 
0.795127 0.692721 
0.559300 0.155728 
0.319358 0.453306 
0.718230 0.294460 
0.997331 0.133726 
0.532685 0.835821 
0.636822 0.061484 
0.358782 0.046360 
0.164421 0.418482 
0.427283 0.339361 
0.647348 0.974550 
0.254547 0.164010 
0.523466 0.899004 
0.561718 0.798424 
0.103924 0.649310 
0.951215 0.065635 
0.124055 0.989780 
0.235159 0.318965 
0.841316 0.990984 
0.472084 0.313127 
0.724707 0.148503 
0.897481 0.963746 
0.682459 0.086040 
0.068723 0.033725 
0.810299 0.698285 
0.078919 0.384511 
0.484653 0.557399 
0.202705 0.861732 
0.135773 0.937271 
0.716356 0.787901 
0.244367 0.077403 
0.907152 0.497541 
0.173135 0.879301 
0.420138 0.260458 
0.516082 0.789646 
0.574163 0.962274 
0.944002 0.844582 
0.894139 0.786576 
0.989123 0.197670 
0.234035 0.433451 
0.003183 0.500998 
0.267444 0.937683 
0.632628 0.572812 
0.246065 0.620085 
0.773594 0.795928 
0.159108 0.133704 
0.164126 0.458301 
0.670989 0.309471 
0.284038 0.820357 
0.739354 0.321235 
0.000939 0.781506 
0.767515 0.618756 
0.434467 0.094181 
0.908149 0.257500 
0.794923 0.275438 
0.294099 0.914661 
0.701706 0.565064 
0.035989 0.874370 
0.543951 0.188971 
0.030680 0.639212 
0.230371 0.845653 
0.896157 0.718419 
0.461103 0.764867 
0.114350 0.879863 
0.853284 0.151120 
0.877740 0.169603 
0.523718 0.126433 
0.961059 0.524418 
0.889983 0.938133 
0.193628 0.309172 
0.258601 0.301986 
0.472287 0.733125 
0.633521 0.584618 
0.666729 0.722220 
0.343537 0.830612 
0.088159 0.694333 
0.650739 0.970115 
0.722850 0.945317 
0.943799 0.436527 
0.711989 0.404184 
0.119976 0.442001 
0.704675 0.478963 
0.931305 0.446705 
0.768364 0.890023 
0.618080 0.065124 
0.543959 0.323412 
0.586805 0.427436 
0.922337 0.721258 
0.177060 0.850836 
0.999210 0.718526 
0.268916 0.678550 
0.387724 0.473836 
0.757454 0.533570 
0.713639 0.130553 
0.200502 0.838466 
0.105939 0.512202 
0.575281 0.749943 
0.296707 0.756831 
0.054829 0.506019 
0.653455 0.621570 
0.718761 0.213446 
0.381463 0.248137 
0.433576 0.108946 
0.058275 0.435434 
0.342178 0.985526 
0.731485 0.070504 
0.960806 0.264548 
0.266510 0.228078 
0.302773 0.700151 
0.430360 0.058514 
0.443490 0.737317 
0.094339 0.554346 
0.893662 0.777227 
0.847493 0.823042 
0.862028 0.098028 
0.551079 0.981656 
0.693496 0.581878 
0.616780 0.216750 
0.919218 0.304181 
0.367122 0.227856 
0.575253 0.277027 
0.994321 0.549632 
0.661957 0.512931 
0.825662 0.903590 
0.639379 0.048827 
0.628533 0.751602 
0.179877 0.196942 
0.003925 0.962675 
0.678296 0.112844 
0.560885 0.796391 
0.951762 0.257056 
0.338593 0.725456 
0.747142 0.219625 
0.232045 0.988025 
0.736274 0.560180 
0.951479 0.507843 
0.314916 0.792631 
0.756788 0.339084 
0.980679 0.279924 
0.691055 0.556598 
0.738978 0.010176 
0.033185 0.739373 
0.639534 0.642783 
0.249959 0.068380 
0.262302 0.504575 
0.398723 0.336184 
0.242325 0.755001 
0.304930 0.957951 
0.275287 0.749441 
0.849762 0.942852 
0.519821 0.629184 
0.703487 0.504480 
0.793793 0.276583 
0.525718 0.748398 
0.325856 0.654488 
0.976974 0.998547 
0.573706 0.274760 
0.899296 0.472014 
0.132856 0.905490 
0.576679 0.247036 
0.934974 0.104446 
0.428602 0.517367 
0.380650 0.578741 
0.900485 0.454096 
0.993560 0.768380 
0.168603 0.705649 
0.836568 0.195405 
0.173228 0.439042 
0.980550 0.111934 
0.276823 0.570691 
0.607284 0.624974 
0.930021 0.863191 
0.645449 0.066106 
0.036162 0.774392 
0.213659 0.963083 
0.543814 0.875199 
0.462069 0.992969 
0.822669 0.605119 
0.240230 0.542170 
0.253938 0.934038 
0.375980 0.092678 
0.635879 0.218126 
0.048127 0.878742 
0.017961 0.864823 
0.084684 0.288260 
0.784567 0.219616 
0.082491 0.432431 
0.874172 0.214809 
0.302339 0.416751 
0.339345 0.366757 
0.081769 0.292535 
0.639481 0.752471 
0.774256 0.918138 
0.140594 0.969182 
0.039605 0.634733 
0.949863 0.354466 
0.510474 0.528619 
0.507633 0.793598 
0.995612 0.254173 
0.885227 0.017551 
0.973220 0.906881 
0.954537 0.907100 
0.635506 0.943460 
0.731088 0.401357 
0.613093 0.256504 
0.060393 0.019924 
0.859653 0.194979 
0.008257 0.777837 
0.108529 0.044009 
0.665878 0.406241 
0.684541 0.086463 
0.184145 0.929193 
0.945026 0.052225 
0.740484 0.318354 
0.567930 0.203387 
0.323035 0.255006 
0.884544 0.526100 
0.170427 0.367908 
0.424484 0.305175 
0.081179 0.380517 
0.346175 0.167964 
0.968676 0.539628 
0.520702 0.433192 
0.664338 0.529705 
0.744083 0.808346 
0.869413 0.227422 
0.275371 0.167430 
0.997755 0.270733 
0.209373 0.930026 
0.947825 0.095090 
0.182060 0.878689 
0.119298 0.038300 
0.703563 0.786862 
0.786531 0.231046 
0.184435 0.791317 
0.664372 0.103033 
0.676292 0.431829 
0.743477 0.624165 
0.349525 0.467836 
0.911454 0.808239 
0.072158 0.758215 
0.313577 0.292485 
0.796589 0.264225 
0.836661 0.757580 
0.641892 0.283774 
0.381483 0.583591 
0.406251 0.864266 
0.720230 0.904764 
0.370822 0.411866 
0.230980 0.073051 
0.767712 0.930594 
0.491049 0.064743 
0.132574 0.172752 
0.440047 0.863414 
0.403147 0.698940 
0.086323 0.838183 
0.345659 0.494093 
0.216531 0.228303 
0.083293 0.897175 
0.825641 0.546089 
0.124755 0.753314 
0.949157 0.476965 
0.343205 0.245918 
0.142523 0.382153 
0.841502 0.121446 
0.140425 0.130346 
0.732325 0.183029 
0.163461 0.292741 
0.101694 0.176114 
0.945478 0.646198 
0.645546 0.696111 
0.542836 0.450451 
0.735285 0.928387 
0.392509 0.904462 
0.295516 0.734709 
0.246800 0.966300 
0.607457 0.525770 
0.621970 0.442230 
0.564946 0.046049 
0.944819 0.579125 
0.347778 0.100128 
0.857537 0.619208 
0.023878 0.312713 
0.768004 0.839379 
0.438688 0.034482 
0.540468 0.644496 
0.050263 0.764195 
0.821079 0.876941 
0.752279 0.559708 
0.007800 0.099793 
0.224547 0.953881 
0.871254 0.173512 
0.212713 0.059815 
0.311391 0.548840 
0.348849 0.106107 
0.347500 0.427481 
0.668041 0.773250 
0.007764 0.494056 
0.594358 0.368759 
0.726994 0.587638 
0.428568 0.947654 
0.218900 0.044917 
0.922782 0.195816 
0.078551 0.202588 
0.890403 0.003082 
0.801901 0.545176 
0.777839 0.147637 
0.338337 0.425673 
0.280950 0.922427 
0.225517 0.266092 
0.216183 0.389166 
0.712626 0.100365 
0.841965 0.901765 
0.960223 0.470826 
0.166872 0.618016 
0.993937 0.098434 
0.378569 0.601899 
0.108419 0.197464 
0.771681 0.642127 
0.231065 0.517235 
0.172682 0.269488 
0.282593 0.537528 
0.233309 0.221693 
0.988521 0.070590 
0.413850 0.570295 
0.950628 0.211571 
0.868071 0.662684 
0.733806 0.081848 
0.614198 0.820378 
0.090046 0.397984 
0.919821 0.435267 
0.534656 0.960936 
0.456675 0.343280 
0.500798 0.911474 
0.139514 0.803654 
0.020293 0.056361 
0.264110 0.901027 
0.568741 0.822396 
0.015846 0.322792 
0.159710 0.237680 
0.684761 0.774546 
0.788354 0.870013 
0.315893 0.219648 
0.629531 0.529209 
0.419378 0.483080 
0.133933 0.006998 
0.616884 0.973872 
0.862648 0.521883 
0.284191 0.398629 
0.759053 0.404947 
0.948499 0.423595 
0.368103 0.714854 
0.553604 0.426342 
0.527630 0.880895 
0.208039 0.513270 
0.522758 0.994940 
0.955197 0.991258 
0.080266 0.025861 
0.649626 0.263480 
0.312404 0.570575 
0.646575 0.989061 
0.151073 0.080240 
0.600529 0.096992 
0.136640 0.512334 
0.802290 0.090635 
0.302348 0.569170 
0.037769 0.780407 
0.293088 0.934484 
0.869634 0.946371 
0.664617 0.215641 
0.284743 0.672141 
0.673451 0.684848 
0.241716 0.519809 
0.421739 0.162874 
0.429810 0.813396 
0.748188 0.793526 
0.783801 0.337670 
0.223955 0.007074 
0.892481 0.923348 
0.707296 0.530935 
0.417915 0.899531 
0.419916 0.528555 
0.431797 0.214626 
0.221207 0.831088 
0.102471 0.230920 
0.079141 0.126306 
0.832702 0.217546 
0.289428 0.410706 
0.741716 0.015328 
0.616355 0.078827 
0.852609 0.804153 
0.394054 0.860483 
0.133750 0.940478 
0.612272 0.452135 
0.026608 0.195687 
0.914763 0.424149 
0.664554 0.166509 
0.512704 0.023095 
0.164616 0.703906 
0.543829 0.141960 
0.927578 0.800376 
0.912416 0.976407 
0.464096 0.057914 
0.357812 0.752031 
0.383338 0.760989 
0.942921 0.671949 
0.438515 0.118573 
0.849050 0.991580 
0.477361 0.010716 
0.102233 0.229055 
0.730392 0.701303 
0.802095 0.813272 
0.669723 0.040053 
0.167175 0.704835 
0.163181 0.578042 
0.159663 0.462760 
0.602206 0.269174 
0.004192 0.454768 
0.291018 0.144018 
0.518455 0.674882 
0.736979 0.408380 
0.641269 0.804218 
0.493933 0.523539 
0.127705 0.336768 
0.055982 0.881385 
0.441747 0.448672 
0.835157 0.490280 
0.129014 0.346357 
0.227620 0.614648 
0.395497 0.120576 
0.522521 0.006560 
0.246057 0.474225 
0.303836 0.579538 
0.296600 0.950700 
0.421770 0.687789 
0.669261 0.262356 
0.412536 0.492139 
0.376428 0.620080 
0.680515 0.417013 
0.745011 0.407685 
0.963371 0.376698 
0.169368 0.571394 
0.411883 0.517746 
0.749146 0.902322 
0.330078 0.615395 
0.948289 0.894357 
0.454843 0.539653 
0.945814 0.302769 
0.634229 0.487570 
0.594885 0.233429 
0.238877 0.801112 
0.297544 0.816152 
0.063600 0.929231 
0.585043 0.817926 
0.876917 0.350192 
0.674304 0.028767 
0.490616 0.774957 
0.706724 0.907052 
0.819818 0.680566 
0.277593 0.508658 
0.013308 0.673227 
0.929357 0.702538 
0.550348 0.697285 
0.271235 0.645291 
0.407261 0.834934 
0.733888 0.462991 
0.482285 0.758402 
0.454777 0.430672 
0.304310 0.539824 
0.827836 0.435564 
0.516101 0.105401 
0.466226 0.858998 
0.183575 0.338776 
0.802511 0.801618 
0.786125 0.411163 
0.418922 0.824767 
0.856714 0.797887 
0.079244 0.847349 
0.386928 0.094712 
0.829388 0.524515 
0.523667 0.267567 
0.004189 0.396360 
0.624505 0.061499 
0.612521 0.632989 
0.644572 0.314409 
0.273887 0.215141 
0.880850 0.447535 
0.723320 0.842390 
0.044321 0.897203 
0.289205 0.660819 
0.383594 0.059278 
0.285396 0.648530 
0.842868 0.081963 
0.547937 0.177072 
0.053054 0.672580 
0.048841 0.871025 
0.318430 0.855180 
0.012630 0.264009 
0.194104 0.308684 
0.057231 0.880724 
0.321079 0.380131 
0.853928 0.968877 
0.907729 0.202442 
0.450415 0.124562 
0.508627 0.486797 
0.600068 0.336912 
0.473563 0.167218 
0.436984 0.391724 
0.700328 0.420855 
0.305052 0.015127 
0.245976 0.119590 
0.954238 0.876741 
0.379866 0.400646 
0.652045 0.923347 
0.690877 0.564655 
0.157949 0.651554 
0.674252 0.152183 
0.732192 0.956450 
0.057348 0.845393 
0.515112 0.495372 
0.713845 0.594019 
0.670191 0.906540 
0.218020 0.259912 
0.335680 0.780314 
0.730781 0.229677 
0.179613 0.748387 
0.135917 0.363907 
0.191409 0.018495 
0.845621 0.354267 
0.173505 0.104200 
0.288382 0.843599 
0.364761 0.531102 
0.236989 0.073896 
0.968181 0.223375 
0.256247 0.751460 
0.786057 0.259834 
0.026446 0.481424 
0.294457 0.942358 
0.212302 0.160902 
0.277294 0.479746 
0.092159 0.917398 
0.700588 0.786466 
0.135581 0.708690 
0.958764 0.946757 
0.140045 0.740022 
0.549852 0.370193 
0.826944 0.450187 
0.298547 0.682439 
0.757778 0.979275 
0.679696 0.647816 
0.842046 0.273766 
0.192174 0.861833 
0.828249 0.378570 
0.634096 0.254879 
0.757759 0.658324 
0.446542 0.029158 
0.058786 0.022127 
0.894901 0.609167 
0.265075 0.112264 
0.813127 0.218184 
0.011757 0.600445 
0.678861 0.620966 
0.583558 0.857036 
0.199983 0.116745 
0.131756 0.429937 
0.950965 0.875037 
0.741545 0.142432 
0.856621 0.232761 
0.020833 0.139411 
0.074896 0.769807 
0.152347 0.495120 
0.478723 0.893032 
0.184165 0.267402 
0.219003 0.780618 
0.847285 0.321751 
0.670208 0.189432 
0.782910 0.369888 
0.703349 0.184877 
0.229530 0.704375 
0.423668 0.596272 
0.545334 0.430000 
0.015594 0.091896 
0.489128 0.778528 
0.716694 0.469837 
0.547021 0.785711 
0.444278 0.979135 
0.323450 0.223629 
0.525720 0.771799 
0.623842 0.914401 
0.340868 0.972587 
0.261673 0.938163 
0.704800 0.568267 
0.864615 0.576702 
0.631632 0.833421 
0.305584 0.954735 
0.232180 0.254025 
0.398226 0.991537 
0.758775 0.737160 
0.443970 0.808542 
0.173722 0.744651 
0.353613 0.170428 
0.390925 0.277119 
0.540428 0.971217 
0.248962 0.305142 
0.526180 0.509808 
0.350357 0.452509 
0.312802 0.267888 
0.398787 0.420660 
0.039015 0.717682 
0.077760 0.915737 
0.792859 0.580776 
0.096984 0.007920 
0.110333 0.361556 
0.671915 0.879595 
0.347432 0.294966 
0.492408 0.905101 
0.040424 0.410966 
0.105300 0.777569 
0.608140 0.001231 
0.693061 0.279531 
0.072779 0.204508 
0.165528 0.029917 
0.812074 0.530965 
0.924367 0.841340 
0.395921 0.237242 
0.332497 0.282533 
0.525367 0.845782 
0.052189 0.142910 
0.882078 0.079159 
0.431214 0.413390 
0.845293 0.839917 
0.489509 0.172656 
0.826531 0.506859 
0.787502 0.553142 
0.661590 0.336493 
0.439402 0.028604 
0.752318 0.202104 
0.760989 0.940244 
0.686025 0.021495 
0.260227 0.642655 
0.107538 0.388103 
0.838983 0.782862 
0.564085 0.572682 
0.060904 0.611947 
0.989611 0.385844 
0.882587 0.634085 
0.072055 0.035028 
0.717997 0.379460 
0.586492 0.172194 
0.059893 0.615115 
0.245126 0.839026 
0.503733 0.246675 
0.867698 0.407255 
0.736650 0.882345 
0.571354 0.753928 
0.267434 0.765315 
0.644382 0.121196 
0.935560 0.954449 
0.416474 0.685300 
0.842584 0.309662 
0.487785 0.208547 
0.044810 0.128689 
0.867875 0.381307 
0.622296 0.927200 
0.456086 0.435214 
0.634076 0.907655 
0.952250 0.472599 
0.974789 0.277903 
0.715526 0.840684 
0.382873 0.944825 
0.680053 0.659094 
0.386363 0.609638 
0.185501 0.721545 
0.000084 0.407393 
0.045828 0.238274 
0.677273 0.934002 
0.773600 0.892200 
0.205440 0.834772 
0.019398 0.028089 
0.087940 0.005295 
0.998920 0.845445 
0.396667 0.780290 
0.341732 0.486228 
0.039046 0.250329 
0.276546 0.902755 
0.603537 0.653419 
0.021287 0.770410 
0.285233 0.916344 
0.001027 0.263984 
0.786883 0.134492 
0.401107 0.397059 
0.376182 0.495748 
0.028457 0.279928 
0.757141 0.261681 
0.070319 0.851890 
0.719738 0.630742 
0.884273 0.976452 
0.228810 0.615193 
0.553844 0.456421 
0.070105 0.263085 
0.672371 0.543434 
0.490329 0.961435 
0.837042 0.165294 
0.101330 0.051636 
0.838593 0.234946 
0.736710 0.891078 
0.345330 0.968300 
0.224288 0.601778 
0.074948 0.654735 
0.130052 0.788900 
0.049139 0.884566 
0.899363 0.602157 
0.452539 0.825226 
0.573029 0.901653 
0.079398 0.441117 
0.851447 0.276962 
0.904209 0.045735 
0.663445 0.512005 
0.275465 0.735404 
0.935921 0.019008 
0.470053 0.182205 
0.326010 0.248726 
0.333761 0.517116 
0.167535 0.762014 
0.176625 0.539129 
0.136015 0.002319 
0.969668 0.214670 
0.957489 0.511584 
0.184367 0.659381 
0.222535 0.149679 
0.649061 0.773514 
0.457400 0.514278 
0.466660 0.149363 
0.343221 0.519270 
0.362849 0.409241 
0.114660 0.082747 
0.727926 0.257657 
0.440291 0.968595 
0.182238 0.869802 
0.757322 0.302758 
0.445582 0.900725 
0.484199 0.930649 
0.417386 0.008885 
0.334114 0.461016 
0.303034 0.091667 
0.650967 0.805693 
0.288215 0.024040 
0.035053 0.135307 
0.105862 0.217877 
0.855878 0.741759 
0.737890 0.711108 
0.584594 0.267389 
0.006580 0.581972 
0.207630 0.639870 
0.301850 0.199197 
0.897937 0.623743 
0.240302 0.750295 
0.216142 0.705204 
0.362244 0.240048 
0.489636 0.307353 
0.679012 0.147725 
0.821535 0.546517 
0.312375 0.084878 
0.542981 0.878371 
0.782536 0.078254 
0.212385 0.555154 
0.471176 0.056684 
0.695861 0.335208 
0.841714 0.690755 
0.527162 0.004797 
0.628790 0.074857 
0.127896 0.554501 
0.502199 0.453553 
0.856986 0.370662 
0.715024 0.413790 
0.568708 0.270653 
0.864857 0.658788 
0.242709 0.212977 
0.500043 0.223192 
0.183544 0.831995 
0.336115 0.090189 
0.814133 0.134239 
0.154730 0.544733 
0.329703 0.317719 
0.910153 0.937325 
0.618587 0.595655 
0.181515 0.723261 
0.847048 0.331500 
0.523537 0.082727 
0.389099 0.592195 
0.019077 0.628434 
0.090228 0.469748 
0.054752 0.212570 
0.666284 0.241181 
0.528758 0.837653 
0.434657 0.278504 
0.819548 0.150546 
0.232749 0.814092 
0.437199 0.004704 
0.067922 0.573003 
0.469254 0.748141 
0.002671 0.890309 
0.419862 0.628124 
0.877733 0.066702 
0.064879 0.427657 
0.629125 0.700780 
0.014601 0.395519 
0.480331 0.920028 
0.916405 0.016671 
0.185827 0.200754 
0.079412 0.671040 
0.168588 0.450118 
0.127785 0.681635 
0.246420 0.588741 
0.963117 0.105215 
0.343818 0.543041 
0.884232 0.282143 
0.985473 0.844640 
0.866041 0.543721 
0.324850 0.747002 
0.867879 0.442086 
0.144759 0.958133 
0.333010 0.905579 
0.071117 0.256144 
0.015642 0.888487 
0.799819 0.555037 
0.503071 0.117562 
0.869883 0.127883 
0.331755 0.805210 
0.170478 0.215582 
0.282318 0.917622 
0.476968 0.400001 
0.815646 0.570346 
0.806160 0.133344 
0.108261 0.543205 
0.651597 0.386342 
0.249375 0.238038 
0.697353 0.417211 
0.065920 0.916563 
0.680501 0.176627 
0.561849 0.990214 
0.524569 0.431001 
0.837960 0.596007 
0.082104 0.928640 
0.656848 0.636012 
0.456210 0.514789 
0.065914 0.820236 
0.713404 0.186321 
0.496025 0.691056 
0.574904 0.405865 
0.371025 0.815844 
0.881941 0.785071 
0.680140 0.114532 
0.942673 0.508985 
0.515935 0.313617 
0.964128 0.106491 
0.801766 0.273682 
0.776360 0.281345 
0.558648 0.193755 
0.442547 0.881195 
0.245552 0.994448 
0.688837 0.280204 
0.382462 0.042171 
0.770894 0.410656 
0.894910 0.758189 
0.876099 0.593203 
0.970289 0.639151 
0.213624 0.376982 
0.941935 0.103830 
0.070989 0.120093 
0.407124 0.527900 
0.419313 0.392930 
0.972347 0.230459 
0.322708 0.759838 
0.599666 0.583201 
0.860049 0.843667 
0.516192 0.633570 
0.403201 0.598605 
0.749684 0.936786 
0.554274 0.686335 
0.231876 0.148070 
0.619091 0.056915 
0.578108 0.260403 
0.594973 0.712746 
0.116978 0.052298 
0.969529 0.881066 
0.072122 0.161454 
0.557231 0.386668 
0.724029 0.762373 
0.198703 0.605593 
0.207231 0.932828 
0.048167 0.550182 
0.907881 0.756625 
0.596802 0.455092 
0.731081 0.271330 
0.244281 0.629681 
0.047101 0.625041 
0.071732 0.595725 
0.349851 0.947351 
0.120756 0.540494 
0.082272 0.747980 
0.303497 0.874858 
0.745133 0.453326 
0.047360 0.984603 
0.223550 0.206374 
0.526087 0.945442 
0.051112 0.038287 
0.489833 0.621405 
0.960787 0.954593 
0.843948 0.234898 
0.922948 0.986480 
0.770745 0.903533 
0.685243 0.882461 
0.516888 0.338069 
0.927663 0.225659 
0.653628 0.528447 
0.615571 0.897821 
0.672112 0.188224 
0.473521 0.467345 
0.670279 0.385786 
0.912281 0.710649 
0.879815 0.050322 
0.768670 0.038498 
0.042018 0.203461 
0.570793 0.324570 
0.041061 0.116633 
0.251088 0.030984 
0.747647 0.706986 
0.307162 0.468917 
0.082389 0.720163 
0.773807 0.371209 
0.909177 0.535016 
0.010641 0.851532 
0.701283 0.466273 
0.658321 0.400953 
0.821542 0.657785 
0.385109 0.525744 
0.171906 0.230185 
0.725288 0.911563 
0.632065 0.112156 
0.000078 0.305720 
0.238423 0.169534 
0.353410 0.754821 
0.274810 0.735591 
0.073903 0.095164 
0.423987 0.952600 
0.349850 0.934484 
0.872632 0.325344 
0.061455 0.878642 
0.334595 0.533509 
0.691539 0.690035 
0.412239 0.507188 
0.303034 0.099345 
0.689537 0.054514 
0.223994 0.668700 
0.834015 0.286076 
0.072149 0.607651 
0.789609 0.957297 
0.285351 0.888112 
0.499834 0.713253 
0.642469 0.979518 
0.759551 0.770624 
0.874085 0.752938 
0.621968 0.409829 
0.998503 0.840015 
0.133273 0.922762 
0.856746 0.335417 
0.357609 0.332088 
0.395289 0.614112 
0.384223 0.642846 
0.310151 0.703313 
0.581668 0.086046 
0.179772 0.423401 
0.094216 0.485007 
0.513250 0.196406 
0.000712 0.968867 
0.739407 0.219233 
0.646751 0.936174 
0.283652 0.331577 
0.811507 0.993446 
0.845762 0.727105 
0.457804 0.303810 
0.128630 0.878474 
0.505667 0.753069 
0.836173 0.554699 
0.833837 0.300738 
0.509013 0.979921 
0.531387 0.025655 
0.179563 0.907436 
0.269044 0.816432 
0.776084 0.646068 
0.462091 0.363211 
0.480813 0.026096 
0.602021 0.161870 
0.556166 0.473697 
0.429141 0.567749 
0.152707 0.550906 
0.078441 0.356371 
0.520793 0.974392 
0.611730 0.352172 
0.962662 0.463806 
0.188222 0.441425 
0.030876 0.932853 
0.461595 0.033841 
0.759026 0.949844 
0.026119 0.974110 
0.862932 0.299999 
0.076919 0.781909 
0.544344 0.794896 
0.816140 0.867464 
0.460722 0.360063 
0.586970 0.197181 
0.014023 0.689177 
0.000098 0.643389 
0.436292 0.761160 
0.813351 0.997279 
0.268904 0.475557 
0.692113 0.338594 
0.748983 0.149733 
0.569223 0.934342 
0.486341 0.927588 
0.976297 0.618818 
0.472839 0.001761 
0.599876 0.122403 
0.220914 0.904444 
0.985599 0.969836 
0.031646 0.879726 
0.557622 0.960951 
0.702212 0.078307 
0.106571 0.142063 
0.646053 0.210207 
0.951037 0.079124 
0.830251 0.021252 
0.179418 0.472237 
0.891650 0.953615 
0.411586 0.521845 
0.654387 0.289742 
0.687565 0.911531 
0.103370 0.339953 
0.593747 0.113358 
0.213234 0.819620 
0.348450 0.406602 
0.764707 0.426391 
0.358063 0.960982 
0.221961 0.502818 
0.856018 0.097324 
0.718289 0.289771 
0.184000 0.484971 
0.904562 0.976471 
0.552384 0.913506 
0.300285 0.887475 
0.798769 0.911685 
0.684984 0.526288 
0.320932 0.904525 
0.346934 0.915781 
0.532600 0.400973 
0.156432 0.159739 
0.736846 0.164889 
0.281995 0.493768 
0.764416 0.532797 
0.725270 0.621173 
0.053973 0.132281 
0.245583 0.510143 
0.976773 0.626094 
0.756955 0.140979 
0.429599 0.274508 
0.648834 0.956962 
0.660398 0.312093 
0.353877 0.607737 
0.239131 0.071039 
0.947074 0.479046 
0.319875 0.144153 
0.775838 0.513729 
0.246876 0.241881 
0.293857 0.859208 
0.713721 0.510420 
0.627930 0.612823 
0.710698 0.703830 
0.269423 0.186228 
0.934938 0.506144 
0.759312 0.757301 
0.954015 0.121743 
0.127568 0.034320 
0.822550 0.596043 
0.700787 0.122331 
0.013172 0.387591 
0.239094 0.457428 
0.989871 0.754970 
0.773582 0.594438 
0.718753 0.074684 
0.216479 0.365774 
0.566737 0.145827 
0.911902 0.334389 
0.070748 0.060250 
0.626440 0.578670 
0.708529 0.248962 
0.302990 0.353288 
0.718345 0.221571 
0.941518 0.099026 
0.330619 0.710990 
0.614149 0.998468 
0.254610 0.238258 
0.400267 0.285529 
0.878826 0.429431 
0.441839 0.993331 
0.922252 0.290300 
0.070952 0.484936 
0.326389 0.622372 
0.209207 0.135010 
0.120621 0.277585 
0.377746 0.780726 
0.663003 0.088600 
0.104957 0.020038 
0.781990 0.901116 
0.054311 0.799191 
0.995684 0.456233 
0.905646 0.194592 
0.505632 0.159643 
0.114925 0.536749 
0.146234 0.757729 
0.147669 0.868941 
0.293095 0.054979 
0.025421 0.245912 
0.042048 0.700029 
0.380376 0.971052 
0.474632 0.132312 
0.773542 0.917794 
0.356203 0.705343 
0.702023 0.908729 
0.012364 0.809443 
0.305076 0.405029 
0.327044 0.621137 
0.445160 0.807741 
0.707569 0.116381 
0.013375 0.790989 
0.156260 0.254654 
0.962189 0.514132 
0.022226 0.557379 
0.866124 0.947615 
0.573287 0.229698 
0.528543 0.229133 
0.043602 0.821389 
0.085922 0.094858 
0.282790 0.858804 
0.924463 0.452273 
0.345005 0.503131 
0.123752 0.894078 
0.770526 0.227316 
0.492321 0.439309 
0.459621 0.845777 
0.980742 0.334442 
0.961091 0.062105 
0.799104 0.534978 
0.374992 0.483917 
0.192620 0.361209 
0.836066 0.754799 
0.904858 0.944345 
0.610323 0.703428 
0.516675 0.751862 
0.550842 0.999318 
0.531528 0.392153 
0.918252 0.066734 
0.602684 0.309845 
0.560050 0.761896 
0.180854 0.613925 
0.245223 0.466777 
0.127525 0.308401 
0.298086 0.935594 
0.525100 0.362759 
0.891763 0.858303 
0.500011 0.677897 
0.419693 0.786776 
0.346824 0.065690 
0.051785 0.347649 
0.934447 0.246953 
0.536871 0.193972 
0.093845 0.257800 
0.841358 0.709695 
0.850245 0.061075 
0.483622 0.229449 
0.357480 0.164942 
0.187138 0.233580 
0.786743 0.796505 
0.854579 0.907949 
0.904973 0.873381 
0.912807 0.547637 
0.142541 0.687772 
0.392129 0.509278 
0.428077 0.690967 
0.088551 0.275292 
0.830655 0.817389 
0.859281 0.932240 
0.154807 0.842963 
0.686462 0.372960 
0.335386 0.833900 
0.349456 0.309549 
0.581884 0.731765 
0.769934 0.272612 
0.791919 0.783375 
0.176222 0.754754 
0.157447 0.217115 
0.057659 0.074480 
0.778269 0.368527 
0.837038 0.097721 
0.404067 0.155284 
0.853354 0.322618 
0.243096 0.707861 
0.027365 0.923132 
0.085824 0.444840 
0.433992 0.099937 
0.634450 0.201143 
0.617670 0.180784 
0.433224 0.191428 
0.336660 0.251323 
0.977431 0.677318 
0.690702 0.636184 
0.348382 0.252095 
0.967889 0.307288 
0.583852 0.801955 
0.457590 0.716257 
0.127309 0.688017 
0.495745 0.980810 
0.477874 0.631939 
0.999678 0.583378 
0.828364 0.312114 
0.702346 0.327754 
0.566102 0.468163 
0.408320 0.636817 
0.981412 0.595671 
0.448308 0.714921 
0.676876 0.255847 
0.025893 0.182430 
0.093021 0.411528 
0.554256 0.374564 
0.292548 0.854455 
0.832435 0.741246 
0.119961 0.191072 
0.340112 0.261123 
0.690775 0.863539 
0.498932 0.545538 
0.857527 0.463760 
0.420330 0.479804 
0.059084 0.016509 
0.471329 0.634315 
0.929461 0.459284 
0.179963 0.645932 
0.173097 0.243237 
0.081020 0.704712 
0.102560 0.730727 
0.323172 0.552225 
0.250733 0.067087 
0.533100 0.805735 
0.981733 0.982060 
0.489469 0.499447 
0.209071 0.848255 
0.620455 0.980915 
0.230300 0.652696 
0.854186 0.310367 
0.338795 0.120402 
0.603496 0.963102 
0.862222 0.358571 
0.508997 0.714936 
0.924956 0.740656 
0.203396 0.474311 
0.748913 0.979816 
0.774500 0.028359 
0.630020 0.749871 
0.081288 0.201408 
0.059502 0.057831 
0.967020 0.697851 
0.783952 0.880645 
0.008229 0.310783 
0.327946 0.785197 
0.801955 0.455813 
0.857179 0.604901 
0.574437 0.557582 
0.277075 0.798746 
0.529648 0.799394 
0.408090 0.773392 
0.404598 0.073212 
0.479885 0.430310 
0.226219 0.057410 
0.889329 0.946060 
0.422483 0.678992 
0.817515 0.979178 
0.046763 0.946009 
0.569597 0.216991 
0.971924 0.122402 
0.204299 0.649719 
0.835500 0.255606 
0.966801 0.029374 
0.681902 0.731157 
0.555942 0.725289 
0.931661 0.421105 
0.506623 0.813616 
0.451986 0.525613 
0.980108 0.678002 
0.187991 0.566167 
0.568926 0.935147 
0.014173 0.205167 
0.242079 0.619947 
0.446102 0.641574 
0.936735 0.712321 
0.982624 0.966920 
0.025528 0.052457 
0.646609 0.565340 
0.673027 0.566930 
0.385693 0.346984 
0.758407 0.548560 
0.647987 0.722886 
0.544355 0.977642 
0.223493 0.251737 
0.941303 0.475057 
0.283970 0.688969 
0.505162 0.260253 
0.079218 0.416898 
0.808580 0.801992 
0.072132 0.326457 
0.768419 0.813676 
0.444761 0.094039 
0.515229 0.447237 
0.712057 0.538953 
0.178493 0.924482 
0.763253 0.999017 
0.480608 0.586744 
0.400257 0.113795 
0.545141 0.181846 
0.281995 0.481841 
0.300826 0.990286 
0.742469 0.683903 
0.360174 0.436286 
0.655754 0.262421 
0.504800 0.168928 
0.166404 0.749791 
0.741703 0.798976 
0.385740 0.125301 
0.928362 0.986642 
0.486307 0.359112 
0.597517 0.470635 
0.961856 0.920704 
0.280418 0.989659 
0.203340 0.530709 
0.632410 0.912935 
0.704045 0.880846 
0.377802 0.721628 
0.398969 0.471645 
0.941118 0.362854 
0.493288 0.698966 
0.528302 0.171693 
0.645020 0.842993 
0.180729 0.510432 
0.833904 0.424331 
0.731568 0.458002 
0.637577 0.754094 
0.055148 0.867762 
0.482121 0.004936 
0.961690 0.121823 
0.473547 0.903125 
0.825861 0.245732 
0.010277 0.723195 
0.746269 0.541598 
0.634970 0.941672 
0.677157 0.982638 
0.193807 0.306006 
0.050748 0.913934 
0.487553 0.299839 
0.390354 0.673835 
0.149789 0.505460 
0.273786 0.528614 
0.408270 0.789839 
0.830442 0.232098 
0.872381 0.111721 
0.694772 0.040436 
0.607369 0.046093 
0.693130 0.433200 
0.795054 0.473842 
0.864175 0.182849 
0.147812 0.283752 
0.014551 0.565931 
0.606325 0.511481 
0.461071 0.222272 
0.731036 0.518480 
0.098288 0.931318 
0.656311 0.613406 
0.511762 0.185913 
0.637277 0.708888 
0.272324 0.941652 
0.343777 0.867476 
0.673897 0.186337 
0.764735 0.909474 
0.528036 0.699494 
0.401354 0.560547 
0.111794 0.926259 
0.642938 0.860421 
0.103002 0.150704 
0.880128 0.312460 
0.515906 0.832929 
0.044718 0.583208 
0.969313 0.242728 
0.522095 0.848061 
0.366602 0.487805 
0.539571 0.567098 
0.211396 0.933855 
0.304380 0.720041 
0.726288 0.718151 
0.955995 0.404802 
0.511524 0.187123 
0.982878 0.236776 
0.491219 0.914903 
0.775033 0.985357 
0.893190 0.839332 
0.645869 0.125005 
0.965724 0.927482 
0.196346 0.979661 
0.154412 0.202258 
0.347072 0.234656 
0.863849 0.701886 
0.604020 0.764512 
0.154163 0.014227 
0.108956 0.225854 
0.922554 0.363337 
0.602151 0.343573 
0.424602 0.280128 
0.115866 0.361151 
0.872366 0.849256 
0.443509 0.060351 
0.316545 0.164020 
0.677857 0.744951 
0.387909 0.589576 
0.003216 0.057179 
0.000359 0.029904 
0.604253 0.676538 
0.580642 0.845737 
0.294698 0.995009 
0.109758 0.708841 
0.488607 0.010623 
0.538023 0.560566 
0.428277 0.051336 
0.810957 0.754456 
0.144548 0.422281 
0.270319 0.243881 
0.903965 0.944255 
0.101728 0.742461 
0.545979 0.269733 
0.403693 0.864479 
0.305396 0.787059 
0.101656 0.533498 
0.509231 0.648798 
0.341864 0.711015 
0.023006 0.664059 
0.832247 0.579800 
0.693517 0.932382 
0.536622 0.001105 
0.565377 0.284908 
0.454282 0.120993 
0.531598 0.566562 
0.215666 0.690172 
0.724180 0.295956 
0.137632 0.182916 
0.262538 0.473992 
0.391802 0.021521 
0.709485 0.306308 
0.119848 0.281625 
0.276712 0.697035 
0.066189 0.444024 
0.712488 0.788252 
0.159365 0.443850 
0.786350 0.176946 
0.930292 0.415226 
0.706091 0.278443 
0.795092 0.117154 
0.007284 0.429123 
0.271356 0.685132 
0.021749 0.539295 
0.928323 0.317448 
0.347732 0.326038 
0.717987 0.208000 
0.856629 0.370795 
0.952802 0.750478 
0.287272 0.185574 
0.935516 0.221016 
0.615734 0.643741 
0.362771 0.093542 
0.165557 0.516427 
0.595599 0.224608 
0.992518 0.251119 
0.555820 0.671720 
0.599892 0.385009 
0.839858 0.485425 
0.532126 0.441720 
0.988184 0.414779 
0.184332 0.072552 
0.387642 0.107015 
0.603520 0.353286 
0.678649 0.061909 
0.511324 0.825557 
0.135191 0.149997 
0.003855 0.796624 
0.863240 0.475890 
0.277730 0.805689 
0.222591 0.079686 
0.284426 0.353951 
0.852576 0.245099 
0.386771 0.461108 
0.837527 0.311175 
0.919674 0.961109 
0.362152 0.694825 
0.931820 0.103749 
0.714265 0.649905 
0.957705 0.151581 
0.620406 0.161102 
0.646992 0.995196 
0.252867 0.942248 
0.364027 0.196854 
0.524404 0.664591 
0.781372 0.515954 
0.644023 0.094930 
0.496379 0.634385 
0.108144 0.576329 
0.363907 0.190400 
0.050120 0.372535 
0.188400 0.446532 
0.858465 0.219627 
0.270050 0.735524 
0.955719 0.765221 
0.069184 0.773652 
0.763572 0.359697 
0.420135 0.207786 
0.266768 0.565827 
0.858775 0.438767 
0.348678 0.234315 
0.134594 0.121765 
0.505934 0.228688 
0.561851 0.036671 
0.332879 0.704194 
0.385143 0.102328 
0.823834 0.185482 
0.397807 0.939477 
0.793240 0.983121 
0.321499 0.430531 
0.933452 0.534587 
0.796373 0.633800 
0.271337 0.361168 
0.146547 0.012588 
0.564762 0.950423 
0.751173 0.961194 
0.791897 0.412577 
0.178895 0.685799 
0.231497 0.770941 
0.209329 0.194653 
0.525713 0.663411 
0.957014 0.536294 
0.495191 0.679116 
0.895902 0.417273 
0.107336 0.992343 
0.302699 0.456431 
0.234295 0.794343 
0.516426 0.564551 
0.414203 0.506205 
0.786046 0.068189 
0.060628 0.973899 
0.328677 0.071016 
0.558706 0.179385 
0.916972 0.548656 
0.267216 0.102026 
0.751885 0.938036 
0.568310 0.593633 
0.190130 0.511789 
0.634559 0.040982 
0.783982 0.391136 
0.823537 0.179134 
0.700101 0.593791 
0.852802 0.034995 
0.166066 0.071565 
0.787960 0.247590 
0.248776 0.175377 
0.564702 0.941463 
0.162601 0.834268 
0.534190 0.125864 
0.398512 0.787966 
0.349928 0.236894 
0.470570 0.873827 
0.405859 0.272921 
0.989669 0.369227 
0.605667 0.442819 
0.461132 0.238409 
0.939759 0.535487 
0.938167 0.765587 
0.222268 0.651152 
0.912277 0.634765 
0.489421 0.701118 
0.696991 0.327364 
0.013748 0.058862 
0.298499 0.866619 
0.258742 0.680490 
0.989944 0.990988 
0.536464 0.342972 
0.334087 0.004489 
0.440776 0.122013 
0.671472 0.427201 
0.960958 0.817487 
0.498389 0.417362 
0.599856 0.774693 
0.260063 0.871189 
0.077538 0.187012 
0.112916 0.781517 
0.955981 0.180232 
0.166231 0.848008 
0.475993 0.013666 
0.676326 0.016685 
0.430848 0.254288 
0.815234 0.630720 
0.512489 0.405364 
0.953585 0.899326 
0.978998 0.019234 
0.262657 0.473575 
0.375908 0.892105 
0.607640 0.606096 
0.659240 0.851756 
0.459819 0.173651 
0.558252 0.540308 
0.959637 0.617427 
0.091600 0.517372 
0.477845 0.146532 
0.762982 0.430084 
0.429882 0.022515 
0.415691 0.526567 
0.018632 0.146480 
