2000
0.493274 0.449383 
0.788238 0.917968 
0.292312 0.895792 
0.572277 0.257621 
0.838083 0.661949 
0.375116 0.576751 
0.449472 0.269206 
0.550543 0.976221 
0.342955 0.051078 
0.466532 0.996720 
0.874592 0.275400 
0.644064 0.780591 
0.390460 0.461057 
0.987552 0.781232 
0.159262 0.722182 
0.709100 0.851354 
0.698321 0.680039 
0.407405 0.262635 
0.098082 0.455909 
0.459957 0.491611 
0.499580 0.435399 
0.745159 0.888433 
0.890692 0.862490 
0.877634 0.400938 
0.562051 0.390881 
0.535046 0.521969 
0.741383 0.419403 
0.913993 0.473010 
0.880433 0.434498 
0.605196 0.536488 
0.751407 0.896637 
0.779438 0.015211 
0.645832 0.494529 
0.544587 0.873937 
0.259018 0.316549 
0.240280 0.382065 
0.363210 0.474795 
0.873537 0.541528 
0.459919 0.858160 
0.094083 0.251831 
0.520781 0.773771 
0.772069 0.165343 
0.925180 0.508442 
0.388439 0.499733 
0.012724 0.848786 
0.543901 0.341586 
0.039744 0.984162 
0.804637 0.538557 
0.528176 0.056687 
0.741614 0.305118 
0.110428 0.959427 
0.084431 0.040201 
0.651616 0.717992 
0.294685 0.769171 
0.455344 0.961664 
0.680400 0.479220 
0.251743 0.041120 
0.108007 0.274250 
0.312752 0.418508 
0.865716 0.086253 
0.657497 0.554940 
0.875186 0.257629 
0.962867 0.900443 
0.746373 0.294454 
0.890305 0.354473 
0.629904 0.795267 
0.044850 0.794611 
0.023655 0.571356 
0.786071 0.493130 
0.036373 0.320473 
0.196240 0.200938 
0.166687 0.513867 
0.555639 0.626308 
0.352694 0.730825 
0.983223 0.032468 
0.695624 0.346569 
0.791827 0.238747 
0.615278 0.977155 
0.050111 0.209605 
0.834727 0.254934 
0.680019 0.071278 
0.977709 0.360704 
0.350043 0.172644 
0.632476 0.027402 
0.553539 0.323121 
0.697938 0.243468 
0.968143 0.577950 
0.597935 0.491749 
0.826978 0.011299 
0.900268 0.806014 
0.678987 0.726362 
0.958560 0.511575 
0.047922 0.429583 
0.999348 0.043279 
0.385044 0.439060 
0.281560 0.186804 
0.613120 0.713415 
0.368002 0.014239 
0.313005 0.679066 
0.064514 0.289576 
0.909564 0.047479 
0.971836 0.641026 
0.731759 0.674334 
0.538530 0.072908 
0.372013 0.424417 
0.168293 0.507460 
0.884599 0.452062 
0.800756 0.300393 
0.697542 0.595335 
0.799391 0.370195 
0.867422 0.763628 
0.289274 0.820922 
0.229930 0.436187 
0.994451 0.736132 
0.163057 0.505424 
0.664918 0.283309 
0.581019 0.185526 
0.137673 0.864279 
0.942374 0.473343 
0.472288 0.737210 
0.296246 0.010596 
0.082098 0.826717 
0.640233 0.387901 
0.455542 0.287057 
0.560431 0.158199 
0.858197 0.709228 
0.990441 0.343501 
0.215490 0.744162 
0.138430 0.584970 
0.596323 0.406642 
0.426661 0.892512 
0.456214 0.589140 
0.674902 0.070797 
0.889658 0.475076 
0.608295 0.614910 
0.789714 0.721720 
0.953536 0.085580 
0.337476 0.955859 
0.115190 0.000065 
0.094510 0.428134 
0.648704 0.762299 
0.965385 0.223249 
0.142533 0.551789 
0.923060 0.866804 
0.382035 0.860217 
0.672688 0.875085 
0.556199 0.042338 
0.570214 0.583643 
0.295342 0.820075 
0.996042 0.477051 
0.794527 0.613351 
0.593471 0.462617 
0.198008 0.912959 
0.094056 0.803442 
0.457823 0.633652 
0.788711 0.864778 
0.315477 0.228290 
0.871081 0.250050 
0.587330 0.247762 
0.141112 0.674977 
0.334388 0.060167 
0.221161 0.048044 
0.483692 0.407224 
0.216142 0.698669 
0.528191 0.309604 
0.516776 0.446710 
0.848091 0.865471 
0.969497 0.334018 
0.843807 0.860643 
0.830310 0.022307 
0.914823 0.437789 
0.912724 0.145418 
0.043191 0.904616 
0.882593 0.734419 
0.386499 0.895259 
0.612688 0.455444 
0.643261 0.284174 
0.105563 0.195038 
0.008052 0.335659 
0.421623 0.222412 
0.082155 0.785416 
0.493129 0.017449 
0.262102 0.142571 
0.184919 0.935507 
0.070554 0.801757 
0.131422 0.813985 
0.643403 0.675200 
0.083681 0.421417 
0.751206 0.521594 
0.423679 0.776067 
0.362941 0.951067 
0.585075 0.353641 
0.638516 0.534496 
0.275834 0.946168 
0.246920 0.978937 
0.996593 0.746031 
0.548545 0.397770 
0.328261 0.086599 
0.474274 0.122146 
0.907591 0.877878 
0.491194 0.498579 
0.622393 0.560243 
0.999422 0.286137 
0.111953 0.586646 
0.757110 0.755174 
0.207746 0.586648 
0.800500 0.000671 
0.283652 0.342980 
0.462064 0.910400 
0.099005 0.968970 
0.481338 0.847815 
0.234522 0.613337 
0.353217 0.515596 
0.625827 0.271209 
0.205402 0.194341 
0.282195 0.844574 
0.747645 0.662258 
0.568703 0.184500 
0.896886 0.955401 
0.422057 0.511227 
0.197320 0.356056 
0.240741 0.137159 
0.236717 0.499320 
0.078709 0.867709 
0.584937 0.039055 
0.389975 0.305299 
0.168519 0.297841 
0.819237 0.910049 
0.187497 0.268376 
0.602114 0.726369 
0.091553 0.733209 
0.049162 0.271275 
0.313013 0.816732 
0.814208 0.387194 
0.565385 0.423185 
0.463923 0.155826 
0.962129 0.498113 
0.786570 0.874451 
0.905998 0.104855 
0.291718 0.897621 
0.311000 0.969728 
0.211851 0.581689 
0.452500 0.173626 
0.131402 0.469343 
0.245364 0.839232 
0.966471 0.483350 
0.664477 0.864874 
0.937007 0.279540 
0.226575 0.053583 
0.565715 0.963659 
0.221057 0.297935 
0.398121 0.211891 
0.249592 0.887341 
0.531822 0.333660 
0.825384 0.222326 
0.626779 0.281409 
0.638624 0.356217 
0.932167 0.930199 
0.862177 0.610488 
0.469517 0.180214 
0.852096 0.184268 
0.989571 0.714670 
0.464951 0.432865 
0.154042 0.982282 
0.216096 0.927263 
0.506103 0.071022 
0.666523 0.243954 
0.135891 0.912874 
0.668679 0.483777 
0.838518 0.978375 
0.555597 0.922967 
0.314749 0.991730 
0.013168 0.306377 
0.271467 0.540999 
0.577452 0.229347 
0.634106 0.412455 
0.139586 0.015881 
0.908298 0.764716 
0.583044 0.218430 
0.157111 0.563002 
0.371842 0.543092 
0.742362 0.874462 
0.086630 0.997005 
0.662554 0.542665 
0.578839 0.547748 
0.001593 0.779355 
0.613547 0.885664 
0.359350 0.599210 
0.925553 0.763543 
0.861008 0.963812 
0.792261 0.539012 
0.170227 0.998382 
0.802866 0.767784 
0.146632 0.437958 
0.752890 0.814122 
0.947799 0.661541 
0.514748 0.366260 
0.736590 0.864416 
0.240477 0.703302 
0.396676 0.927348 
0.936771 0.310232 
0.075025 0.946720 
0.519657 0.871094 
0.471567 0.632885 
0.900802 0.774446 
0.118864 0.755198 
0.610984 0.808107 
0.853515 0.031418 
0.050025 0.777137 
0.341825 0.057208 
0.487722 0.151048 
0.658877 0.737554 
0.062050 0.872188 
0.857039 0.258657 
0.255543 0.904857 
0.929976 0.106944 
0.412057 0.435032 
0.591214 0.541776 
0.625402 0.135908 
0.203952 0.822095 
0.956920 0.954225 
0.657469 0.085655 
0.606334 0.651299 
0.383656 0.111353 
0.515643 0.405177 
0.804152 0.383386 
0.574478 0.243696 
0.800348 0.450527 
0.010764 0.904796 
0.903078 0.033762 
0.437731 0.951223 
0.201994 0.906938 
0.901309 0.296408 
0.722542 0.767219 
0.649333 0.332046 
0.694406 0.879033 
0.905200 0.688932 
0.872972 0.032341 
0.548107 0.035192 
0.469443 0.935798 
0.949168 0.671223 
0.242644 0.125620 
0.297447 0.197753 
0.627466 0.815865 
0.241563 0.946436 
0.744695 0.088094 
0.597232 0.683597 
0.216050 0.147357 
0.633977 0.245060 
0.722226 0.455979 
0.634014 0.869823 
0.120778 0.917639 
0.756745 0.612851 
0.194704 0.395262 
0.169363 0.486337 
0.859201 0.599104 
0.139513 0.787986 
0.681641 0.334506 
0.046546 0.301018 
0.212450 0.639075 
0.928683 0.371387 
0.904532 0.466521 
0.813184 0.181923 
0.574989 0.839820 
0.856106 0.578581 
0.217762 0.931076 
0.601218 0.676160 
0.214963 0.875759 
0.883022 0.947757 
0.951235 0.408172 
0.138429 0.567917 
0.975483 0.942645 
0.028024 0.992702 
0.344147 0.078921 
0.428684 0.883929 
0.193837 0.824050 
0.800020 0.941421 
0.457085 0.228818 
0.736815 0.651072 
0.563128 0.493156 
0.465955 0.298127 
0.616770 0.048029 
0.227582 0.964645 
0.787578 0.831752 
0.253114 0.089191 
0.028755 0.277715 
0.552506 0.975144 
0.247513 0.952659 
0.333821 0.522898 
0.351765 0.113180 
0.222379 0.522343 
0.018968 0.800038 
0.232162 0.954377 
0.210932 0.130566 
0.421174 0.677941 
0.153603 0.611321 
0.480307 0.523161 
0.766706 0.026388 
0.496288 0.106912 
0.878032 0.085596 
0.617660 0.008674 
0.785725 0.674788 
0.161609 0.167005 
0.845964 0.119163 
0.776714 0.228923 
0.516907 0.657909 
0.482451 0.548361 
0.308569 0.127139 
0.820638 0.470152 
0.836496 0.994441 
0.568099 0.046746 
0.659157 0.446586 
0.770722 0.527288 
0.137616 0.912201 
0.370446 0.085898 
0.683739 0.602779 
0.911229 0.033033 
0.189291 0.418947 
0.249441 0.360175 
0.453879 0.352702 
0.863185 0.550296 
0.829677 0.386655 
0.506089 0.829586 
0.857296 0.575370 
0.237971 0.576367 
0.996740 0.204411 
0.540868 0.363552 
0.214450 0.267379 
0.839087 0.541768 
0.498130 0.068397 
0.550203 0.253650 
0.096105 0.239937 
0.617920 0.387629 
0.888182 0.675425 
0.872872 0.362311 
0.357184 0.193515 
0.411043 0.398842 
0.343194 0.055792 
0.695036 0.462061 
0.853847 0.606947 
0.964912 0.275485 
0.071758 0.035442 
0.668940 0.876773 
0.919768 0.534961 
0.085197 0.902698 
0.638750 0.464124 
0.530799 0.134048 
0.936809 0.941609 
0.623008 0.894877 
0.201749 0.802437 
0.566006 0.863209 
0.954106 0.653394 
0.598859 0.018295 
0.487968 0.275474 
0.889388 0.941902 
0.553722 0.411399 
0.377601 0.348001 
0.851550 0.997065 
0.673901 0.250263 
0.165389 0.693746 
0.782313 0.342290 
0.859988 0.820972 
0.078802 0.419302 
0.214512 0.305390 
0.695929 0.475651 
0.265127 0.987095 
0.107085 0.781099 
0.923503 0.322243 
0.936709 0.268167 
0.081609 0.609280 
0.171891 0.978967 
0.493826 0.736325 
0.421480 0.816602 
0.629156 0.220584 
0.359876 0.434203 
0.646143 0.721636 
0.528683 0.578946 
0.343728 0.030141 
0.577481 0.728521 
0.245771 0.675510 
0.303650 0.443050 
0.344161 0.317383 
0.253550 0.422491 
0.804707 0.709006 
0.267469 0.343832 
0.786143 0.711007 
0.894662 0.575871 
0.660569 0.176286 
0.843590 0.220685 
0.051960 0.298613 
0.783617 0.256108 
0.403713 0.211908 
0.530887 0.618522 
0.498312 0.136702 
0.545431 0.053401 
0.504375 0.037063 
0.910043 0.088282 
0.763836 0.793444 
0.418647 0.201284 
0.987604 0.664563 
0.303259 0.872477 
0.714890 0.158371 
0.745845 0.417692 
0.152539 0.730776 
0.146475 0.801387 
0.908206 0.226365 
0.515406 0.436300 
0.887180 0.834816 
0.754177 0.453329 
0.093614 0.372931 
0.851004 0.828654 
0.180460 0.994234 
0.084794 0.128764 
0.131591 0.656420 
0.458065 0.705352 
0.849144 0.556071 
0.881211 0.514623 
0.263604 0.399814 
0.671739 0.920084 
0.858997 0.164799 
0.779622 0.105343 
0.499951 0.677523 
0.128075 0.558888 
0.228311 0.224637 
0.469629 0.057760 
0.767472 0.901062 
0.156219 0.574926 
0.773751 0.436294 
0.799619 0.190042 
0.041832 0.075653 
0.493762 0.657554 
0.515838 0.690201 
0.212272 0.650114 
0.463551 0.898393 
0.291299 0.863648 
0.329293 0.419589 
0.029835 0.428763 
0.226910 0.683669 
0.430522 0.786708 
0.201059 0.196581 
0.943826 0.885636 
0.876424 0.059993 
0.299147 0.757152 
0.458624 0.087220 
0.904218 0.191657 
0.185504 0.773238 
0.807174 0.180546 
0.429950 0.165877 
0.902699 0.663692 
0.675055 0.644961 
0.852018 0.865994 
0.764536 0.554200 
0.436730 0.119395 
0.668697 0.787127 
0.243187 0.240664 
0.834711 0.981090 
0.172811 0.441055 
0.809593 0.835067 
0.968113 0.081523 
0.156033 0.446162 
0.649110 0.585430 
0.319079 0.766008 
0.289996 0.955339 
0.388170 0.974800 
0.467442 0.297679 
0.090377 0.971768 
0.501781 0.433628 
0.985609 0.132077 
0.809995 0.578055 
0.374857 0.225782 
0.726145 0.313201 
0.972152 0.956556 
0.829786 0.208273 
0.452430 0.990749 
0.510102 0.280946 
0.864425 0.398969 
0.475050 0.160055 
0.051170 0.006096 
0.452715 0.775548 
0.636101 0.951171 
0.336929 0.772139 
0.333836 0.780026 
0.894257 0.770436 
0.713813 0.057161 
0.704076 0.403859 
0.653570 0.558494 
0.611335 0.707820 
0.326662 0.213422 
0.985723 0.039879 
0.250459 0.465025 
0.682916 0.764177 
0.531159 0.191117 
0.108724 0.324221 
0.178258 0.975695 
0.503784 0.089309 
0.015197 0.409875 
0.761754 0.799728 
0.031110 0.859577 
0.916040 0.892146 
0.289716 0.255871 
0.418675 0.669403 
0.657326 0.685699 
0.543600 0.279248 
0.320702 0.038001 
0.681155 0.173614 
0.938724 0.140537 
0.997937 0.331634 
0.769853 0.927142 
0.473070 0.894409 
0.338792 0.075135 
0.788930 0.541919 
0.029859 0.832870 
0.049063 0.608876 
0.371434 0.690245 
0.939686 0.298295 
0.444617 0.676255 
0.809413 0.806262 
0.844102 0.821833 
0.554979 0.525284 
0.444001 0.318955 
0.673651 0.056949 
0.139266 0.651351 
0.252180 0.385855 
0.060668 0.644917 
0.115557 0.160130 
0.303717 0.576786 
0.039689 0.059961 
0.770311 0.617270 
0.451398 0.639156 
0.289219 0.900478 
0.333742 0.205454 
0.069736 0.046874 
0.811072 0.682200 
0.743297 0.591612 
0.218913 0.273197 
0.616986 0.691854 
0.985599 0.957368 
0.491950 0.200448 
0.927962 0.262742 
0.900228 0.136233 
0.675077 0.022888 
0.680270 0.291398 
0.520756 0.351327 
0.756878 0.856867 
0.367010 0.331268 
0.628439 0.172484 
0.931901 0.466688 
0.625457 0.049950 
0.502229 0.967675 
0.705827 0.839882 
0.900841 0.426383 
0.216617 0.678537 
0.166973 0.318983 
0.153736 0.847949 
0.480941 0.167743 
0.260057 0.780262 
0.871516 0.564379 
0.515683 0.091753 
0.088155 0.615881 
0.115951 0.782365 
0.213928 0.486529 
0.096916 0.861294 
0.772067 0.137012 
0.758387 0.217176 
0.074962 0.882334 
0.380469 0.547275 
0.053626 0.288597 
0.451461 0.706641 
0.517370 0.444004 
0.377136 0.525568 
0.226914 0.744347 
0.242994 0.994771 
0.115532 0.740973 
0.534398 0.622545 
0.114574 0.645027 
0.973169 0.048759 
0.493756 0.561548 
0.941791 0.679714 
0.951103 0.194413 
0.491212 0.802086 
0.657817 0.934637 
0.451538 0.999604 
0.349198 0.976863 
0.130831 0.869792 
0.598251 0.797214 
0.767409 0.836794 
0.990098 0.585187 
0.235562 0.083515 
0.634666 0.827906 
0.623309 0.953905 
0.280307 0.127547 
0.680482 0.867610 
0.923822 0.669672 
0.182760 0.649399 
0.453447 0.086380 
0.787624 0.589352 
0.242544 0.439985 
0.820175 0.679064 
0.020702 0.941038 
0.030971 0.524040 
0.540841 0.907501 
0.375997 0.389649 
0.837250 0.662077 
0.527383 0.731566 
0.424286 0.972786 
0.606366 0.190379 
0.706504 0.205946 
0.336729 0.412490 
0.712906 0.816551 
0.776175 0.180130 
0.447021 0.073625 
0.410472 0.797836 
0.230051 0.471184 
0.187048 0.720798 
0.453060 0.576962 
0.994629 0.730328 
0.626970 0.478379 
0.115089 0.307464 
0.548606 0.420708 
0.843323 0.724631 
0.881117 0.931145 
0.749081 0.797395 
0.825148 0.256008 
0.722664 0.815779 
0.796917 0.780736 
0.825087 0.236193 
0.691180 0.664270 
0.391477 0.545865 
0.348312 0.087477 
0.224249 0.946108 
0.233671 0.307657 
0.797950 0.148052 
0.305386 0.627753 
0.649978 0.187165 
0.685796 0.171680 
0.427626 0.117852 
0.731694 0.585718 
0.158350 0.395012 
0.973263 0.632761 
0.821312 0.789523 
0.517941 0.039195 
0.757702 0.695422 
0.957853 0.639552 
0.957105 0.070607 
0.689330 0.568900 
0.502364 0.237564 
0.742060 0.807084 
0.657252 0.441017 
0.168387 0.075622 
0.979671 0.334865 
0.069039 0.338986 
0.330748 0.878042 
0.243846 0.311736 
0.348289 0.691392 
0.228328 0.516357 
0.409144 0.490539 
0.492489 0.267070 
0.640930 0.115950 
0.777208 0.530526 
0.542622 0.846479 
0.767685 0.477964 
0.134610 0.386539 
0.560844 0.112343 
0.154465 0.085080 
0.941112 0.270605 
0.057380 0.379034 
0.419197 0.444266 
0.773090 0.328102 
0.402311 0.643697 
0.608740 0.085344 
0.370790 0.869467 
0.136110 0.601802 
0.478969 0.029972 
0.743600 0.684661 
0.092236 0.214642 
0.483586 0.635436 
0.770898 0.476593 
0.100775 0.733028 
0.003460 0.157179 
0.701433 0.990043 
0.648864 0.449201 
0.729583 0.108833 
0.153924 0.003134 
0.677155 0.942175 
0.143442 0.826491 
0.829565 0.507317 
0.468559 0.079173 
0.659767 0.711417 
0.787517 0.799720 
0.891143 0.437774 
0.670458 0.393186 
0.280442 0.389782 
0.072759 0.852807 
0.120404 0.637948 
0.992446 0.036850 
0.336452 0.750376 
0.573274 0.015357 
0.103140 0.466174 
0.992439 0.925058 
0.450686 0.683954 
0.214790 0.968138 
0.490122 0.480876 
0.088823 0.855197 
0.297361 0.740279 
0.871331 0.459134 
0.662095 0.834881 
0.851262 0.157395 
0.336469 0.031124 
0.096810 0.089475 
0.800672 0.892515 
0.496371 0.509531 
0.685810 0.404624 
0.518353 0.954661 
0.994221 0.869772 
0.259572 0.630969 
0.702696 0.210985 
0.020667 0.345358 
0.426840 0.891757 
0.762000 0.927527 
0.954408 0.729820 
0.085920 0.054036 
0.181687 0.621444 
0.605375 0.538362 
0.253889 0.118413 
0.165388 0.684025 
0.412381 0.880479 
0.216524 0.124063 
0.131492 0.989889 
0.064534 0.619254 
0.807352 0.166071 
0.149993 0.928135 
0.168524 0.381748 
0.035863 0.754708 
0.375562 0.065929 
0.063550 0.091700 
0.200183 0.469976 
0.891700 0.797047 
0.975938 0.596208 
0.461805 0.549383 
0.481158 0.815731 
0.996177 0.755017 
0.577757 0.365245 
0.676819 0.293040 
0.115658 0.860088 
0.495142 0.853215 
0.976194 0.898832 
0.676214 0.131313 
0.977684 0.932171 
0.998453 0.003227 
0.244503 0.357318 
0.443291 0.395160 
0.460366 0.368767 
0.858626 0.921697 
0.954482 0.984223 
0.831066 0.719472 
0.166182 0.021489 
0.164801 0.802404 
0.011844 0.067044 
0.808057 0.013503 
0.949079 0.175189 
0.399828 0.901467 
0.948780 0.142020 
0.922122 0.096342 
0.214339 0.400571 
0.393557 0.515476 
0.599462 0.164792 
0.653406 0.795434 
0.852920 0.026845 
0.190837 0.404090 
0.539785 0.173348 
0.456492 0.265427 
0.029468 0.273230 
0.178082 0.030499 
0.597963 0.961276 
0.173502 0.041393 
0.697633 0.110888 
0.697452 0.074022 
0.089519 0.540851 
0.078828 0.869718 
0.345758 0.147288 
0.469671 0.762931 
0.585259 0.451803 
0.450406 0.968551 
0.434358 0.250305 
0.868338 0.154801 
0.741142 0.379839 
0.947718 0.297170 
0.532141 0.690442 
0.259092 0.551918 
0.085525 0.415357 
0.910584 0.184918 
0.924222 0.393064 
0.218882 0.757932 
0.563629 0.904256 
0.836863 0.160759 
0.876000 0.924050 
0.511598 0.425271 
0.524038 0.509958 
0.859389 0.757396 
0.556229 0.537731 
0.649128 0.889328 
0.931393 0.920668 
0.674618 0.307168 
0.573375 0.717248 
0.784398 0.377118 
0.215527 0.357437 
0.439508 0.818018 
0.420661 0.047365 
0.068502 0.308639 
0.295428 0.255501 
0.210227 0.293589 
0.356573 0.919598 
0.678876 0.868632 
0.096864 0.987457 
0.183408 0.535973 
0.095208 0.156817 
0.624931 0.209799 
0.098237 0.065674 
0.787715 0.131139 
0.055271 0.932852 
0.437514 0.292066 
0.761450 0.683388 
0.701329 0.236693 
0.106648 0.433265 
0.881878 0.731868 
0.508452 0.550719 
0.935770 0.489080 
0.959271 0.472569 
0.460315 0.509862 
0.244066 0.015612 
0.395754 0.443753 
0.155162 0.808066 
0.157829 0.637430 
0.292935 0.366910 
0.662092 0.775135 
0.691787 0.866365 
0.001362 0.886033 
0.562382 0.950874 
0.347423 0.143753 
0.050804 0.854671 
0.461225 0.815172 
0.594861 0.828539 
0.262945 0.315374 
0.491619 0.635892 
0.429055 0.123056 
0.197781 0.097666 
0.474639 0.253715 
0.187712 0.867551 
0.937049 0.990730 
0.196922 0.664816 
0.561853 0.055290 
0.261277 0.289255 
0.513807 0.555586 
0.727739 0.104624 
0.416968 0.985627 
0.427639 0.334564 
0.013048 0.297089 
0.180503 0.719816 
0.953133 0.298184 
0.585322 0.507001 
0.164230 0.211721 
0.397044 0.125856 
0.259594 0.992227 
0.355459 0.197052 
0.852106 0.348269 
0.363921 0.424197 
0.478466 0.570324 
0.443791 0.802215 
0.826238 0.583447 
0.995737 0.357056 
0.036599 0.122782 
0.594467 0.201436 
0.536230 0.419120 
0.154010 0.453337 
0.234684 0.341562 
0.636937 0.997281 
0.309915 0.733567 
0.064001 0.665285 
0.449307 0.495870 
0.083012 0.185458 
0.999507 0.718363 
0.527183 0.360608 
0.731252 0.159620 
0.738844 0.751416 
0.043687 0.242939 
0.083609 0.223160 
0.658152 0.568739 
0.795231 0.448183 
0.616718 0.185102 
0.002599 0.677425 
0.482683 0.448922 
0.032189 0.996852 
0.083937 0.735304 
0.248493 0.419582 
0.917745 0.544562 
0.447486 0.896480 
0.138148 0.853241 
0.428065 0.496106 
0.060702 0.213980 
0.359670 0.978712 
0.213460 0.615385 
0.781087 0.721051 
0.702739 0.938234 
0.906554 0.458712 
0.573048 0.221759 
0.106471 0.454400 
0.100493 0.989740 
0.553889 0.217583 
0.909229 0.414301 
0.149602 0.353875 
0.584955 0.332629 
0.503946 0.816540 
0.593618 0.929684 
0.197275 0.600647 
0.081892 0.355856 
0.867333 0.272798 
0.919086 0.074307 
0.883600 0.670667 
0.896966 0.301278 
0.580871 0.691669 
0.884556 0.739573 
0.995136 0.258676 
0.565482 0.064343 
0.411946 0.569469 
0.060193 0.656729 
0.652106 0.942293 
0.121666 0.843973 
0.653225 0.749262 
0.846557 0.078946 
0.845140 0.272712 
0.464242 0.514869 
0.410257 0.197644 
0.795203 0.978132 
0.457162 0.529451 
0.475675 0.677146 
0.793952 0.949272 
0.417294 0.454717 
0.428607 0.600530 
0.101186 0.640895 
0.516787 0.638761 
0.653874 0.664472 
0.785084 0.909257 
0.883280 0.288480 
0.491597 0.276810 
0.343797 0.195268 
0.871078 0.204046 
0.408211 0.799678 
0.195637 0.069155 
0.292291 0.531913 
0.854355 0.143771 
0.358849 0.182013 
0.086707 0.284364 
0.313326 0.062113 
0.939039 0.430630 
0.598152 0.148276 
0.070825 0.351460 
0.993804 0.855936 
0.724594 0.253325 
0.627469 0.868161 
0.177063 0.901199 
0.444876 0.038774 
0.682515 0.035723 
0.390088 0.205941 
0.251907 0.805942 
0.462424 0.966421 
0.644856 0.100469 
0.577470 0.537823 
0.196025 0.596230 
0.834535 0.036543 
0.184627 0.028264 
0.035859 0.686266 
0.077604 0.297386 
0.168147 0.042209 
0.402098 0.064808 
0.219751 0.349978 
0.086563 0.870540 
0.165631 0.757431 
0.148051 0.293733 
0.767987 0.553654 
0.257119 0.395379 
0.141452 0.378193 
0.288288 0.259346 
0.827996 0.123757 
0.984034 0.665863 
0.154889 0.216937 
0.065935 0.176508 
0.576596 0.851798 
0.167330 0.321237 
0.034984 0.970884 
0.650666 0.746830 
0.971950 0.566642 
0.552229 0.319018 
0.734289 0.189536 
0.528136 0.375879 
0.400961 0.953745 
0.594102 0.070211 
0.043772 0.676081 
0.888761 0.402945 
0.294360 0.306952 
0.944554 0.117171 
0.287077 0.905049 
0.161625 0.427349 
0.450487 0.330206 
0.773352 0.731076 
0.194240 0.597068 
0.917257 0.343301 
0.867753 0.323746 
0.206255 0.532390 
0.877753 0.395731 
0.045031 0.831007 
0.739321 0.768208 
0.277753 0.198229 
0.631893 0.220226 
0.340443 0.827511 
0.969525 0.814870 
0.525510 0.251639 
0.294416 0.241374 
0.767231 0.859009 
0.360928 0.116593 
0.574717 0.272257 
0.824492 0.245285 
0.496970 0.578116 
0.392567 0.873601 
0.619822 0.341756 
0.892636 0.533309 
0.323500 0.060596 
0.439859 0.716165 
0.586250 0.108305 
0.274173 0.017934 
0.412224 0.254396 
0.632477 0.047438 
0.290276 0.672746 
0.842276 0.127596 
0.503660 0.012167 
0.491610 0.490548 
0.640791 0.776617 
0.606181 0.077300 
0.183589 0.588147 
0.991055 0.653999 
0.755279 0.973649 
0.115476 0.807373 
0.523188 0.219266 
0.198987 0.374044 
0.550791 0.143535 
0.400546 0.972592 
0.360927 0.100392 
0.291496 0.169240 
0.418719 0.417103 
0.251454 0.195760 
0.142603 0.730041 
0.805527 0.492456 
0.700746 0.435042 
0.759231 0.395012 
0.960459 0.436940 
0.651005 0.437907 
0.910741 0.821967 
0.792710 0.072745 
0.628933 0.481975 
0.547707 0.305422 
0.230024 0.008927 
0.039129 0.648048 
0.741668 0.212851 
0.389248 0.087116 
0.161333 0.515465 
0.413884 0.140759 
0.740006 0.283505 
0.876187 0.066619 
0.668898 0.163924 
0.063410 0.735399 
0.855231 0.864412 
0.179181 0.499345 
0.495792 0.779515 
0.303768 0.421885 
0.621591 0.078257 
0.270206 0.356333 
0.883296 0.563859 
0.780211 0.005677 
0.407339 0.143284 
0.169008 0.515913 
0.942139 0.523014 
0.299873 0.973254 
0.476758 0.878581 
0.308636 0.244862 
0.389852 0.244241 
0.955087 0.147452 
0.224295 0.723611 
0.723696 0.162786 
0.936656 0.376485 
0.586793 0.228107 
0.786411 0.209307 
0.816850 0.802066 
0.327693 0.539196 
0.263443 0.678390 
0.694357 0.059424 
0.741874 0.677170 
0.196556 0.516170 
0.266278 0.334803 
0.040834 0.298993 
0.170334 0.799660 
0.882496 0.110714 
0.767744 0.481484 
0.304419 0.367767 
0.056710 0.125826 
0.758213 0.286905 
0.011703 0.693651 
0.184576 0.165916 
0.544673 0.313840 
0.712818 0.339332 
0.150201 0.431171 
0.693270 0.790330 
0.083011 0.173570 
0.193607 0.953879 
0.837632 0.087174 
0.132248 0.698848 
0.543339 0.900175 
0.245178 0.703284 
0.090140 0.986800 
0.143117 0.360515 
0.180637 0.972269 
0.923173 0.776728 
0.469240 0.516230 
0.274933 0.793402 
0.699153 0.669345 
0.679124 0.040635 
0.945589 0.516559 
0.809232 0.767220 
0.668664 0.230383 
0.039552 0.744859 
0.840276 0.518122 
0.073174 0.828191 
0.410229 0.726645 
0.719575 0.894237 
0.433573 0.064336 
0.292883 0.485098 
0.036426 0.212273 
0.664123 0.916192 
0.431920 0.275035 
0.517003 0.266236 
0.629452 0.197678 
0.369330 0.327194 
0.152388 0.185828 
0.214678 0.085137 
0.892908 0.107172 
0.243033 0.656177 
0.374008 0.946752 
0.057047 0.781779 
0.355411 0.385544 
0.830391 0.388016 
0.390392 0.322117 
0.819394 0.561114 
0.640164 0.237190 
0.454551 0.636534 
0.231534 0.391283 
0.289031 0.739306 
0.511120 0.392950 
0.319000 0.433709 
0.349244 0.750131 
0.458913 0.942441 
0.607235 0.798572 
0.591895 0.986009 
0.860719 0.107973 
0.697759 0.239277 
0.530475 0.696998 
0.451545 0.123832 
0.248510 0.700142 
0.284375 0.484152 
0.137415 0.536407 
0.387059 0.308643 
0.370436 0.913663 
0.931635 0.996454 
0.397776 0.424439 
0.554478 0.108078 
0.473617 0.084171 
0.667319 0.622483 
0.067085 0.495924 
0.001241 0.856452 
0.393934 0.845091 
0.443312 0.747144 
0.240850 0.962527 
0.189659 0.595432 
0.424928 0.768792 
0.092842 0.396028 
0.044484 0.643922 
0.396718 0.637881 
0.857943 0.450618 
0.544552 0.285903 
0.167306 0.910666 
0.562618 0.915682 
0.864745 0.777555 
0.373035 0.606075 
0.309182 0.429568 
0.744968 0.670551 
0.945257 0.933822 
0.748043 0.356371 
0.521960 0.573523 
0.196923 0.691042 
0.344981 0.088725 
0.197869 0.592268 
0.246040 0.202095 
0.603405 0.426880 
0.572863 0.101088 
0.991902 0.899439 
0.864190 0.447028 
0.205851 0.741402 
0.749755 0.124030 
0.573660 0.502501 
0.539589 0.872451 
0.289738 0.631106 
0.997927 0.166576 
0.637902 0.210897 
0.541788 0.833372 
0.489552 0.904179 
0.532051 0.180720 
0.356683 0.774056 
0.557777 0.549726 
0.245623 0.184361 
0.562608 0.757785 
0.089870 0.440180 
0.106624 0.027061 
0.807598 0.304436 
0.649305 0.865563 
0.516081 0.779409 
0.522736 0.630513 
0.029630 0.985036 
0.495523 0.252218 
0.034074 0.677971 
0.655728 0.812733 
0.606569 0.598325 
0.047124 0.009864 
0.784775 0.709417 
0.176838 0.112414 
0.343947 0.724273 
0.860401 0.752255 
0.153190 0.672009 
0.448148 0.019394 
0.958035 0.693198 
0.582056 0.621589 
0.045903 0.492990 
0.683931 0.823651 
0.104100 0.602935 
0.523233 0.980599 
0.931942 0.148576 
0.118324 0.674856 
0.312273 0.378769 
0.962855 0.696159 
0.347027 0.484334 
0.204561 0.064042 
0.357222 0.836694 
0.318010 0.799826 
0.669685 0.400130 
0.979927 0.635666 
0.635144 0.864875 
0.961793 0.859715 
0.228631 0.598551 
0.839555 0.407402 
0.211356 0.262494 
0.729838 0.384292 
0.800671 0.878991 
0.199073 0.823534 
0.138382 0.782838 
0.156879 0.661565 
0.915990 0.045583 
0.110248 0.939379 
0.151205 0.302867 
0.280060 0.963652 
0.104905 0.145621 
0.459534 0.385283 
0.451021 0.314056 
0.342673 0.302397 
0.387425 0.445057 
0.072447 0.623031 
0.281923 0.271524 
0.508041 0.649630 
0.334168 0.361706 
0.197845 0.174567 
0.942749 0.790444 
0.987214 0.106652 
0.502129 0.282876 
0.303098 0.170963 
0.369641 0.557651 
0.434658 0.289915 
0.601644 0.823106 
0.944641 0.588724 
0.679693 0.595755 
0.852680 0.987163 
0.251496 0.894170 
0.311741 0.437783 
0.826000 0.575188 
0.180615 0.602504 
0.288835 0.447676 
0.085107 0.395331 
0.329215 0.123464 
0.056740 0.631355 
0.178563 0.101482 
0.599674 0.727817 
0.415298 0.918811 
0.453329 0.106582 
0.331046 0.889023 
0.811922 0.975773 
0.809605 0.037723 
0.007600 0.725736 
0.442549 0.921008 
0.378280 0.758722 
0.842058 0.467140 
0.227843 0.358134 
0.155708 0.991472 
0.677672 0.633257 
0.147184 0.713919 
0.838615 0.598489 
0.798507 0.513899 
0.102608 0.539245 
0.097452 0.871245 
0.019911 0.652082 
0.549762 0.843902 
0.459038 0.055858 
0.808470 0.948566 
0.556220 0.385266 
0.161477 0.942046 
0.968173 0.082116 
0.130709 0.831000 
0.609826 0.343966 
0.032092 0.373146 
0.465182 0.321529 
0.940223 0.331905 
0.331195 0.386214 
0.100136 0.988347 
0.141799 0.211233 
0.191018 0.439610 
0.523219 0.742404 
0.579360 0.300595 
0.101559 0.903986 
0.289437 0.575874 
0.715197 0.310048 
0.968739 0.598606 
0.767278 0.633733 
0.155038 0.731832 
0.892626 0.368321 
0.375388 0.144799 
0.636428 0.450033 
0.707643 0.360750 
0.127076 0.770402 
0.151285 0.647100 
0.815938 0.466977 
0.475614 0.648018 
0.232500 0.627430 
0.218196 0.226833 
0.390401 0.468720 
0.785242 0.560009 
0.074435 0.033081 
0.998029 0.876285 
0.725410 0.971557 
0.956357 0.500221 
0.218602 0.035814 
0.923774 0.877057 
0.693266 0.720394 
0.661337 0.084411 
0.696028 0.145845 
0.218343 0.696483 
0.797138 0.506166 
0.127621 0.925611 
0.740477 0.196951 
0.153761 0.253629 
0.742189 0.969619 
0.389645 0.770014 
0.620939 0.122060 
0.468282 0.420949 
0.894416 0.446068 
0.063597 0.871081 
0.259277 0.670382 
0.106437 0.889618 
0.807550 0.487269 
0.525769 0.602662 
0.938507 0.486616 
0.556174 0.608045 
0.406812 0.288710 
0.340872 0.033303 
0.731833 0.924253 
0.912523 0.776495 
0.549982 0.548835 
0.264105 0.814937 
0.653071 0.163852 
0.864395 0.883180 
0.608660 0.746901 
0.172875 0.514081 
0.166499 0.347161 
0.735801 0.600841 
0.336315 0.451224 
0.717251 0.839856 
0.453884 0.434840 
0.352272 0.628153 
0.362812 0.778811 
0.482749 0.562833 
0.542500 0.791149 
0.839914 0.430670 
0.271565 0.185719 
0.375168 0.443412 
0.417979 0.980165 
0.631552 0.489023 
0.007413 0.583699 
0.229819 0.563517 
0.027117 0.761453 
0.735441 0.559158 
0.767691 0.588675 
0.868161 0.179427 
0.625611 0.637684 
0.551114 0.578221 
0.161397 0.597562 
0.223086 0.399422 
0.083196 0.280052 
0.830166 0.596391 
0.541246 0.722884 
0.507282 0.883139 
0.921082 0.626062 
0.222899 0.265391 
0.433623 0.906805 
0.678088 0.620005 
0.429877 0.941544 
0.525735 0.033904 
0.824367 0.136642 
0.533786 0.347367 
0.204823 0.462360 
0.884168 0.204899 
0.729700 0.061277 
0.885932 0.862862 
0.125566 0.384893 
0.891655 0.046898 
0.210483 0.581681 
0.305310 0.342444 
0.462107 0.636312 
0.491930 0.873814 
0.198374 0.074620 
0.136972 0.095580 
0.413436 0.615830 
0.261311 0.855900 
0.112744 0.892123 
0.914590 0.518147 
0.499977 0.109930 
0.590870 0.752939 
0.648100 0.614504 
0.964674 0.272806 
0.043079 0.027485 
0.938720 0.064707 
0.528308 0.271667 
0.908725 0.945379 
0.977514 0.079123 
0.818550 0.372259 
0.549461 0.790290 
0.404630 0.609632 
0.079885 0.619094 
0.106261 0.923862 
0.351960 0.384055 
0.810178 0.654648 
0.668603 0.211569 
0.844905 0.310831 
0.142053 0.477457 
0.623175 0.701186 
0.837982 0.958422 
0.202460 0.744295 
0.368506 0.488475 
0.799251 0.009832 
0.254358 0.998901 
0.537337 0.017023 
0.109966 0.203338 
0.505626 0.053799 
0.197878 0.730372 
0.361850 0.613610 
0.943633 0.637551 
0.326665 0.250386 
0.238696 0.763816 
0.455032 0.724688 
0.827153 0.955900 
0.809217 0.508042 
0.663272 0.604533 
0.381783 0.625025 
0.787862 0.588611 
0.789210 0.248416 
0.120287 0.671847 
0.726997 0.645835 
0.543561 0.628830 
0.741281 0.702095 
0.103291 0.019582 
0.116585 0.450661 
0.266777 0.724530 
0.182043 0.603490 
0.856053 0.688355 
0.188974 0.092493 
0.524662 0.001206 
0.264395 0.691799 
0.058072 0.019482 
0.438401 0.197363 
0.084355 0.752692 
0.501627 0.842043 
0.220132 0.763711 
0.698560 0.698895 
0.324692 0.106792 
0.858124 0.497854 
0.440055 0.996126 
0.889421 0.498389 
0.416610 0.972228 
0.236582 0.229650 
0.725534 0.057456 
0.670729 0.941903 
0.569062 0.225463 
0.364033 0.302259 
0.075335 0.157070 
0.881349 0.825108 
0.586344 0.691822 
0.446385 0.398379 
0.552067 0.582309 
0.863606 0.631681 
0.667305 0.393835 
0.190604 0.486436 
0.537637 0.061611 
0.501305 0.436628 
0.410609 0.102647 
0.187895 0.949333 
0.440349 0.942845 
0.400719 0.887125 
0.901694 0.766772 
0.141974 0.155685 
0.600749 0.785137 
0.793152 0.497997 
0.842359 0.520197 
0.943069 0.156382 
0.320134 0.494471 
0.581529 0.754493 
0.757306 0.041865 
0.633414 0.797310 
0.382051 0.134790 
0.412910 0.776604 
0.378778 0.115328 
0.315348 0.049914 
0.906204 0.575881 
0.826910 0.880435 
0.479108 0.370589 
0.486824 0.057159 
0.669890 0.846800 
0.169523 0.174718 
0.484042 0.294094 
0.835779 0.932339 
0.819022 0.301310 
0.113385 0.654312 
0.026284 0.753199 
0.010737 0.460673 
0.528214 0.698543 
0.418695 0.008801 
0.925047 0.266101 
0.365221 0.263266 
0.704776 0.174828 
0.328467 0.541550 
0.830850 0.091629 
0.008328 0.974833 
0.023999 0.344407 
0.451655 0.958599 
0.178335 0.278245 
0.469402 0.238687 
0.615303 0.393964 
0.358094 0.482249 
0.164803 0.839697 
0.789405 0.526404 
0.275936 0.649390 
0.289602 0.342785 
0.190203 0.748840 
0.760429 0.529419 
0.941134 0.646216 
0.950446 0.145262 
0.414978 0.542291 
0.281320 0.140368 
0.156668 0.116102 
0.324894 0.500549 
0.720735 0.389323 
0.355411 0.386052 
0.380348 0.502362 
0.202651 0.951987 
0.051741 0.619014 
0.766371 0.391457 
0.209589 0.564169 
0.993598 0.404030 
0.536218 0.214312 
0.941633 0.017660 
0.819382 0.355726 
0.693990 0.886720 
0.099139 0.225923 
0.085607 0.799419 
0.842266 0.963727 
0.365452 0.147931 
0.275148 0.410131 
0.073348 0.756443 
0.536739 0.969155 
0.583734 0.821649 
0.451056 0.901582 
0.884429 0.593934 
0.252828 0.281569 
0.338565 0.262370 
0.656218 0.052710 
0.903740 0.150587 
0.921219 0.930239 
0.526182 0.539510 
0.536263 0.974706 
0.890053 0.119554 
0.348900 0.954979 
0.330615 0.647542 
0.237300 0.306121 
0.977991 0.094264 
0.298143 0.894825 
0.322566 0.373469 
0.886532 0.941989 
0.013724 0.654239 
0.794852 0.071461 
0.046922 0.614315 
0.800011 0.784330 
0.230601 0.718790 
0.711367 0.947082 
0.614340 0.213619 
0.293358 0.460669 
0.460962 0.394330 
0.502161 0.828218 
0.856176 0.749813 
0.110834 0.778754 
0.510761 0.358773 
0.895115 0.196665 
0.345631 0.013483 
0.612498 0.261072 
0.837341 0.193893 
0.760968 0.583252 
0.721357 0.840328 
0.393110 0.997888 
0.503213 0.494979 
0.103788 0.356606 
0.482329 0.508919 
0.402508 0.958649 
0.017361 0.786823 
0.137968 0.826080 
0.926990 0.913535 
0.776175 0.174221 
0.135990 0.591606 
0.129622 0.558572 
0.915866 0.952499 
0.644187 0.852012 
0.759923 0.032893 
0.835268 0.351492 
0.525026 0.114844 
0.191443 0.589679 
0.736475 0.941892 
0.377433 0.522721 
0.367719 0.253779 
0.269527 0.941393 
0.993921 0.822515 
0.013848 0.736265 
0.398018 0.488509 
0.365567 0.084183 
0.855472 0.922447 
0.574636 0.903746 
0.258396 0.854251 
0.393552 0.431749 
0.408205 0.699055 
0.014295 0.251528 
0.427545 0.743541 
0.696096 0.291140 
0.195185 0.468123 
0.740144 0.598154 
0.177030 0.340658 
0.445414 0.074388 
0.242767 0.180645 
0.095245 0.776439 
0.603156 0.238763 
0.887831 0.780627 
0.005456 0.700449 
0.453770 0.508598 
0.008778 0.535043 
0.475043 0.040805 
0.809892 0.847802 
0.000655 0.001152 
0.354979 0.132354 
0.475238 0.332803 
0.418180 0.358871 
0.546995 0.351457 
0.938565 0.462228 
0.662230 0.100694 
0.356307 0.454224 
0.136162 0.474027 
0.970844 0.976315 
0.924852 0.994969 
0.436675 0.195985 
0.919687 0.181977 
0.490072 0.632623 
0.497193 0.327956 
0.961462 0.296019 
0.198880 0.575450 
0.588622 0.973231 
0.096428 0.668228 
0.912399 0.683051 
0.033183 0.703622 
0.774917 0.037671 
0.136157 0.387639 
0.056739 0.604769 
0.344696 0.310202 
0.565176 0.917511 
0.610942 0.108250 
0.349886 0.536692 
0.179278 0.132466 
0.354506 0.186492 
0.368146 0.428549 
0.616043 0.831278 
0.291810 0.458042 
0.315200 0.558867 
0.875154 0.713485 
0.535070 0.929207 
0.178651 0.586739 
0.314957 0.483442 
0.202734 0.354058 
0.651874 0.045669 
0.561554 0.043737 
0.090942 0.466030 
0.571031 0.317247 
0.964447 0.460988 
0.826439 0.966520 
0.309267 0.847260 
0.894525 0.285429 
0.206104 0.989509 
0.671932 0.159286 
0.113367 0.362365 
0.272173 0.407865 
0.984866 0.644416 
0.693687 0.793225 
0.728162 0.214974 
0.075950 0.488105 
0.576293 0.762960 
0.061337 0.895456 
0.922155 0.656076 
0.665410 0.537609 
0.592342 0.495528 
0.341509 0.748699 
0.379092 0.395083 
0.154145 0.711925 
0.330351 0.214679 
0.102558 0.696025 
0.084619 0.198227 
0.596048 0.777156 
0.668067 0.209906 
0.895578 0.981797 
0.061168 0.051236 
0.116877 0.347910 
0.327717 0.932025 
0.539643 0.776327 
0.720429 0.245372 
0.960313 0.987592 
0.453290 0.440668 
0.306804 0.454579 
0.106797 0.942610 
0.448277 0.199508 
0.124300 0.111749 
0.162805 0.263243 
0.316847 0.241283 
0.239462 0.630461 
0.157193 0.941640 
0.147836 0.687412 
0.339050 0.421634 
0.404180 0.047285 
0.719024 0.642443 
0.536538 0.589204 
0.753782 0.817968 
0.594533 0.313062 
0.637507 0.576664 
0.984148 0.580670 
0.321674 0.370671 
0.865862 0.541581 
0.350082 0.834646 
0.887824 0.659186 
0.933597 0.972665 
0.579673 0.559375 
0.419084 0.543734 
0.531231 0.398476 
0.180225 0.046065 
0.216809 0.911876 
0.899540 0.568163 
0.117338 0.107810 
0.965425 0.898218 
0.355996 0.221591 
0.286387 0.311661 
0.079141 0.129054 
0.002465 0.435014 
0.275624 0.412007 
0.596390 0.527988 
0.897871 0.511866 
0.929816 0.413382 
0.709200 0.529319 
0.268561 0.705512 
0.537040 0.025568 
0.728671 0.774581 
0.376389 0.961726 
0.721776 0.897310 
0.095914 0.027674 
0.116617 0.983582 
0.069385 0.157735 
0.045476 0.322987 
0.443928 0.097407 
0.124140 0.422655 
0.568026 0.808168 
0.883419 0.615111 
0.176794 0.382597 
0.313665 0.772373 
0.276949 0.674599 
0.990106 0.714502 
0.634435 0.950254 
0.910796 0.740970 
0.485945 0.272099 
0.162024 0.142061 
0.611202 0.472437 
0.240537 0.710086 
0.417742 0.995995 
0.689742 0.487653 
0.984754 0.766150 
0.676835 0.560741 
0.365701 0.340133 
0.622905 0.156570 
0.475163 0.059930 
0.243855 0.464875 
0.148189 0.620732 
0.635460 0.172891 
0.783543 0.012545 
0.838404 0.059843 
0.776825 0.101101 
0.197360 0.029453 
0.015109 0.930292 
0.411368 0.857962 
0.765019 0.680577 
0.462906 0.060406 
0.236127 0.591051 
0.792004 0.218152 
0.472771 0.856051 
0.651532 0.303681 
0.969452 0.575792 
0.331354 0.061424 
0.346879 0.999579 
0.929893 0.708325 
0.820089 0.230324 
0.060739 0.839847 
0.305050 0.980723 
0.005859 0.478594 
0.728258 0.831965 
0.835282 0.592513 
0.362750 0.736347 
0.780906 0.689522 
0.803578 0.727893 
0.695254 0.134835 
0.170142 0.583758 
0.216121 0.350192 
0.676636 0.227028 
0.661002 0.452697 
0.471361 0.156889 
0.839114 0.982252 
0.707922 0.047141 
0.296927 0.459306 
0.557030 0.005027 
0.481915 0.547943 
0.273751 0.939351 
0.665125 0.753921 
0.144709 0.121259 
0.997324 0.028477 
0.612510 0.455448 
0.709848 0.407675 
0.795644 0.390361 
0.791708 0.240416 
0.677218 0.003423 
0.535976 0.152575 
0.328804 0.211942 
0.115266 0.282087 
0.036510 0.624752 
0.209514 0.297925 
0.231779 0.507742 
0.614074 0.737437 
0.096958 0.575114 
0.939111 0.631633 
0.860970 0.318599 
0.685469 0.680645 
0.594701 0.134562 
0.588586 0.362579 
0.860508 0.562964 
0.735855 0.519352 
0.742670 0.047442 
0.355384 0.935606 
0.722951 0.638043 
0.594308 0.533638 
0.855772 0.966128 
0.707591 0.486819 
0.959963 0.102099 
0.984304 0.193535 
0.738396 0.229907 
0.047005 0.014860 
0.750275 0.867947 
0.589009 0.481460 
0.895679 0.675243 
0.813153 0.664036 
0.456472 0.924440 
0.059577 0.304947 
0.250485 0.894732 
0.765174 0.274393 
0.716652 0.776287 
0.062849 0.308874 
