150
0.439513 0.895819 
0.037813 0.519873 
0.509463 0.547746 
0.968699 0.926031 
0.804378 0.179160 
0.138651 0.313750 
0.197031 0.495138 
0.778214 0.449571 
0.933030 0.432000 
0.622877 0.691801 
0.103614 0.437871 
0.305770 0.082481 
0.256909 0.876198 
0.254249 0.155831 
0.045918 0.741673 
0.297149 0.182764 
0.712042 0.281903 
0.951379 0.823279 
0.858320 0.791872 
0.985093 0.453369 
0.767496 0.302641 
0.491667 0.439613 
0.570670 0.256013 
0.814428 0.096345 
0.269320 0.453533 
0.520946 0.532652 
0.289305 0.353076 
0.141835 0.820070 
0.910171 0.244439 
0.292932 0.304104 
0.071342 0.042424 
0.024478 0.409285 
0.853891 0.352988 
0.673029 0.597218 
0.436933 0.539581 
0.734418 0.357769 
0.020038 0.785551 
0.750809 0.854732 
0.485001 0.404777 
0.082663 0.310947 
0.078038 0.585497 
0.444910 0.608370 
0.871199 0.235467 
0.488039 0.472713 
0.882529 0.666065 
0.557653 0.479542 
0.659130 0.998166 
0.181613 0.364748 
0.319657 0.480567 
0.884906 0.617567 
0.450921 0.635910 
0.747064 0.898001 
0.708837 0.428477 
0.405797 0.222333 
0.751602 0.177592 
0.787908 0.367171 
0.036836 0.110262 
0.176761 0.823857 
0.567894 0.597211 
0.326730 0.355986 
0.055876 0.105261 
0.124568 0.621248 
0.315569 0.760654 
0.312310 0.994109 
0.989910 0.409011 
0.254999 0.775608 
0.651627 0.899947 
0.416721 0.837307 
0.612261 0.267166 
0.262523 0.219502 
0.177545 0.003260 
0.783145 0.314049 
0.223986 0.531840 
0.632714 0.015806 
0.657292 0.106970 
0.850318 0.288093 
0.978047 0.031863 
0.525163 0.412424 
0.608371 0.888511 
0.197054 0.887012 
0.006805 0.363658 
0.003785 0.620344 
0.128296 0.262780 
0.538852 0.488208 
0.313763 0.415003 
0.954075 0.142043 
0.314395 0.033359 
0.664298 0.862483 
0.753031 0.187813 
0.569716 0.222131 
0.347859 0.472764 
0.744048 0.214246 
0.835915 0.227414 
0.143857 0.806438 
0.805921 0.113916 
0.588715 0.539859 
0.410094 0.452388 
0.285256 0.299265 
0.750388 0.765584 
0.161887 0.837117 
0.417216 0.148997 
0.190185 0.430996 
0.747777 0.886074 
0.241977 0.903170 
0.579971 0.569308 
0.361097 0.956657 
0.533430 0.353996 
0.618965 0.951466 
0.282342 0.316626 
0.536483 0.670537 
0.716672 0.109644 
0.783398 0.561968 
0.989256 0.432568 
0.164818 0.089257 
0.134855 0.513313 
0.252692 0.998289 
0.241177 0.454462 
0.149430 0.473333 
0.312802 0.260164 
0.570991 0.638207 
0.351334 0.876418 
0.965043 0.482701 
0.753383 0.115223 
0.555096 0.491369 
0.446373 0.198759 
0.549242 0.112961 
0.533341 0.870524 
0.894298 0.473854 
0.067136 0.352309 
0.260633 0.457623 
0.267319 0.834510 
0.614358 0.510184 
0.654764 0.613143 
0.090411 0.543257 
0.522609 0.489860 
0.076892 0.328520 
0.428739 0.822976 
0.755348 0.128633 
0.936099 0.018402 
0.275057 0.877094 
0.319869 0.030326 
0.690248 0.989923 
0.639357 0.675180 
0.751451 0.642310 
0.305279 0.823493 
0.454451 0.958608 
0.318983 0.143836 
0.452647 0.640208 
0.975326 0.309502 
0.796892 0.360076 
