100
0.446117 0.896322 
0.491739 0.665559 
0.044418 0.540498 
0.147043 0.354715 
0.693144 0.663350 
0.926790 0.559552 
0.388604 0.269000 
0.080605 0.724781 
0.389280 0.635338 
0.120316 0.157074 
0.938325 0.420205 
0.393090 0.664782 
0.991874 0.421255 
0.036873 0.717448 
0.141441 0.195964 
0.562429 0.745024 
0.618324 0.171401 
0.738340 0.279019 
0.468821 0.479424 
0.676546 0.714136 
0.485789 0.654679 
0.190309 0.520527 
0.495682 0.928625 
0.406098 0.296818 
0.617292 0.823213 
0.736395 0.586866 
0.450945 0.039657 
0.518478 0.065363 
0.551843 0.824720 
0.072301 0.159994 
0.024616 0.720576 
0.725024 0.472344 
0.688639 0.950537 
0.682799 0.802686 
0.741468 0.851637 
0.460761 0.002577 
0.313225 0.371712 
0.355254 0.748300 
0.673459 0.818202 
0.514088 0.278893 
0.361337 0.983833 
0.275386 0.406612 
0.924099 0.324985 
0.016055 0.829569 
0.559518 0.825606 
0.966672 0.856147 
0.268891 0.245290 
0.587310 0.918804 
0.344801 0.072074 
0.352043 0.787644 
0.928641 0.668736 
0.441912 0.220694 
0.204340 0.339348 
0.419240 0.174176 
0.381826 0.347265 
0.489565 0.114559 
0.399334 0.607386 
0.330879 0.090165 
0.399664 0.156055 
0.808077 0.351047 
0.042344 0.677130 
0.521367 0.619649 
0.439527 0.129272 
0.678495 0.471029 
0.584248 0.461671 
0.302268 0.219888 
0.660017 0.911649 
0.093044 0.797219 
0.867993 0.360447 
0.029699 0.156682 
0.360097 0.146978 
0.252073 0.597248 
0.940717 0.627004 
0.049007 0.666761 
0.247111 0.188375 
0.012755 0.376557 
0.794644 0.586488 
0.111391 0.142817 
0.317367 0.992251 
0.770358 0.409815 
0.757052 0.767713 
0.953478 0.107542 
0.454705 0.225560 
0.984154 0.676707 
0.421872 0.403580 
0.961631 0.128351 
0.198258 0.119131 
0.236765 0.305382 
0.550124 0.926658 
0.337974 0.335137 
0.653452 0.571457 
0.482303 0.072568 
0.644668 0.939516 
0.437906 0.882269 
0.287493 0.900548 
0.503565 0.421724 
0.908455 0.399393 
0.595582 0.949699 
0.596172 0.858572 
0.011286 0.689739 
