50
0.067453 0.682114 
0.283585 0.215670 
0.759060 0.519791 
0.134002 0.176093 
0.600139 0.541296 
0.560704 0.759040 
0.188486 0.876355 
0.891594 0.022755 
0.438602 0.580429 
0.266347 0.487291 
0.900903 0.471923 
0.612810 0.504739 
0.155397 0.759764 
0.349356 0.632318 
0.376196 0.733192 
0.753412 0.589799 
0.743493 0.886897 
0.073073 0.138502 
0.796383 0.804399 
0.532043 0.045981 
0.802122 0.272829 
0.437105 0.428967 
0.644271 0.264249 
0.227643 0.990862 
0.416973 0.068414 
0.834362 0.127662 
0.614143 0.908927 
0.330776 0.357767 
0.984108 0.895565 
0.766775 0.191977 
0.550614 0.163152 
0.100830 0.643031 
0.428239 0.410412 
0.786873 0.967806 
0.909295 0.514907 
0.045673 0.619125 
0.635707 0.323692 
0.296401 0.606829 
0.981021 0.024644 
0.189845 0.730801 
0.567463 0.350549 
0.674093 0.475611 
0.597874 0.469891 
0.464131 0.646801 
0.787143 0.518894 
0.053864 0.299001 
0.307937 0.497051 
0.935271 0.097333 
0.881313 0.221898 
0.442861 0.167219 
